10 10000
46 36
56 84
96 52
108 98
116 1
120 40
163 69
180 41
235 97
276 21
295 30
346 59
416 44
469 32
478 33
481 65
564 33
570 20
614 78
661 40
818 9
1097 9
1151 95
1154 60
1170 46
1253 6
1359 11
1440 73
1450 75
1454 29
1499 91
1532 95
1541 36
1550 38
1581 26
1599 11
1617 91
1655 44
1710 60
1724 1
1765 37
1877 20
1951 68
2070 28
2075 57
2107 57
2212 19
2229 66
2294 17
2347 47
2349 19
2351 93
2410 49
2461 88
2462 15
2502 85
2623 100
2637 12
2672 25
2678 56
2680 13
2781 79
2787 20
2898 17
2965 56
3046 31
3102 10
3117 9
3177 64
3280 43
3313 40
3324 59
3394 98
3398 89
3512 52
3525 34
3580 15
3713 14
3757 54
3780 45
3819 17
3830 19
3903 80
3947 17
3964 97
4017 54
4071 24
4083 29
4109 41
4132 91
4145 80
4178 29
4187 24
4245 11
4278 14
4312 84
4348 31
4573 96
4594 18
4683 13
4691 4
4740 18
4827 53
4942 54
4974 70
5005 5
5075 80
5087 24
5155 64
5184 86
5329 62
5398 71
5403 63
5428 85
5474 14
5488 3
5571 94
5670 19
5678 67
5771 21
5815 72
5819 21
5889 25
5926 49
5947 41
5972 6
6003 82
6014 51
6018 15
6079 30
6209 100
6321 97
6332 15
6355 29
6363 24
6402 10
6449 97
6609 17
6716 14
6760 71
6772 100
6835 96
6866 97
6881 13
6941 1
6982 87
7063 46
7088 60
7104 35
7164 96
7228 49
7374 3
7401 50
7419 43
7443 4
7449 77
7458 80
7621 96
7628 23
7629 39
7663 84
7669 80
7723 27
7838 17
7912 6
7921 8
7958 51
7997 93
8005 29
8037 41
8103 65
8118 72
8125 98
8128 64
8166 17
8169 58
8216 64
8266 44
8299 57
8382 13
8438 58
8487 43
8563 28
8578 49
8645 38
8683 98
8804 49
8993 96
9066 12
9141 33
9146 89
9186 33
9279 80
9287 18
9355 58
9373 66
9381 72
9422 87
9465 53
9490 94
9493 40
9565 24
9589 71
9614 27
9623 18
9628 41
9632 23
9674 89
9743 61
9938 42
10036 7
10080 51
10137 16
10145 46
10147 54
10236 60
10366 35
10440 45
10494 9
10503 10
10549 3
10572 17
10582 71
10668 27
10707 56
10708 83
10717 94
10721 81
10746 72
10800 65
10824 80
10940 25
10959 5
11020 73
11024 66
11038 75
11072 78
11206 1
11237 65
11269 61
11292 88
11371 81
11494 31
11532 14
11539 94
11550 93
11632 11
11638 73
11664 80
11709 6
11765 10
11814 8
11866 60
11888 70
11901 59
11924 89
11965 75
11967 15
11988 79
12061 7
12144 56
12219 40
12278 90
12319 12
12353 42
12398 94
12415 10
12426 30
12452 37
12502 55
12551 40
12640 55
12669 10
12677 11
12684 42
12688 85
12697 34
12735 70
12752 15
12788 29
12905 57
12939 60
12942 75
13031 35
13089 71
13122 17
13263 81
13275 88
13320 49
13378 43
13393 70
13481 78
13523 68
13533 3
13592 33
13729 7
13731 11
13855 90
13930 66
13958 66
13998 24
14101 86
14149 49
14149 59
14170 100
14410 12
14410 30
14583 58
14661 89
14697 28
14722 32
14782 38
14785 47
14896 96
14929 40
14958 40
14962 59
15059 9
15262 83
15271 27
15420 65
15422 81
15458 3
15492 89
15607 21
15625 80
15699 15
15741 16
15769 70
15786 71
15945 7
15984 95
15997 98
16010 15
16011 29
16026 77
16111 43
16131 62
16231 10
16296 62
16336 77
16417 77
16485 66
16488 83
16711 39
16759 93
17066 62
17121 42
17155 88
17208 12
17238 78
17244 4
17291 66
17314 13
17317 95
17439 7
17498 71
17499 24
17685 63
17713 53
17721 76
17843 34
17843 47
17875 61
17949 25
17971 93
17982 50
18098 88
18101 13
18113 82
18155 58
18188 9
18196 27
18203 50
18235 55
18316 48
18336 84
18523 2
18702 35
18760 29
18984 37
19001 46
19137 86
19396 87
19531 88
19562 76
19736 61
19838 12
19877 15
19880 93
19933 20
19955 17
19979 22
20010 9
20027 88
20044 52
20114 70
20131 71
20153 80
20186 53
20258 43
20357 47
20368 42
20414 39
20423 64
20505 74
20566 41
20566 88
20585 95
20678 2
20793 44
20812 35
20861 80
21116 62
21214 76
21267 81
21285 73
21331 88
21333 14
21403 98
21414 85
21425 96
21559 69
21612 87
21658 75
21734 23
21741 44
21763 21
21829 71
21857 8
21868 84
21904 50
21929 83
21963 27
22015 56
22028 34
22082 71
22126 77
22127 28
22159 94
22189 64
22195 33
22286 67
22317 38
22331 28
22336 14
22461 92
22472 68
22502 53
22594 50
22613 24
22635 84
22798 68
22834 88
22958 28
22978 4
23022 14
23060 33
23121 31
23204 32
23211 47
23227 50
23288 67
23418 18
23432 7
23448 30
23472 14
23473 18
23539 94
23545 23
23579 56
23607 16
23612 70
23628 81
23631 42
23716 100
23732 40
23744 13
23775 5
23785 38
23803 38
23803 94
23977 39
23988 97
24025 86
24218 62
24281 68
24327 26
24368 12
24424 96
24431 95
24512 28
24547 9
24600 20
24615 27
24629 63
24633 77
24643 97
24650 11
24693 20
24696 87
24697 2
24714 12
24774 21
24889 64
24898 47
24903 14
24939 63
24955 30
24963 34
25031 11
25100 49
25129 79
25309 44
25334 96
25359 41
25661 44
25793 23
25934 20
25938 92
25954 76
25971 37
26044 69
26140 21
26173 37
26203 13
26352 1
26394 80
26465 34
26597 65
26605 34
26772 34
26775 34
26890 73
26943 50
26971 47
27017 94
27044 35
27109 54
27120 49
27134 79
27137 19
27201 73
27243 34
27245 42
27250 35
27260 22
27295 90
27392 24
27460 24
27502 2
27532 80
27560 10
27599 20
27644 62
27670 48
27696 28
27698 59
27792 46
27794 42
27835 52
27971 32
28055 66
28100 10
28175 99
28253 44
28355 95
28432 29
28464 42
28501 13
28530 10
28555 37
28565 39
28583 13
28656 95
28779 69
28822 59
28881 81
28934 5
28941 55
28980 5
29111 26
29114 56
29138 59
29209 92
29281 9
29351 55
29382 44
29436 91
29472 70
29509 11
29579 5
29581 49
29639 53
29733 100
29736 95
29816 34
29831 62
29894 46
29932 63
29963 90
30103 32
30132 7
30199 68
30233 60
30311 79
30335 56
30344 81
30476 20
30520 68
30586 77
30678 23
30712 99
30749 98
30760 74
30761 52
30848 89
30861 97
30893 35
30895 18
31006 10
31058 85
31089 66
31092 82
31094 53
31125 76
31373 15
31381 44
31381 51
31451 2
31483 81
31609 25
31695 99
31761 55
31871 26
31877 76
31887 49
31916 30
31942 18
31966 53
31985 61
32044 100
32054 65
32063 92
32074 82
32076 63
32109 68
32131 40
32138 67
32145 65
32150 54
32273 87
32280 97
32308 48
32340 40
32384 33
32405 28
32502 77
32523 73
32537 96
32600 66
32601 86
32608 55
32676 99
32685 3
32712 2
32738 80
32763 91
32779 51
32841 40
32898 2
32917 68
32968 13
33118 29
33150 56
33176 55
33205 63
33225 98
33262 81
33284 54
33317 5
33318 84
33404 90
33436 3
33478 76
33490 70
33536 75
33537 61
33545 70
33549 79
33630 63
33679 54
33730 4
33834 30
33893 95
33924 65
34197 30
34272 58
34370 18
34408 72
34415 84
34436 88
34492 31
34591 86
34607 18
34635 70
34663 72
34710 48
34739 47
34751 40
34768 47
34771 13
34781 85
34953 97
35012 16
35014 84
35085 77
35090 72
35322 72
35448 21
35488 81
35638 61
35708 13
35759 96
35773 95
35814 19
35816 24
35827 75
35878 44
35889 80
35971 28
36000 19
36022 3
36035 16
36083 90
36149 40
36210 81
36212 65
36252 96
36341 87
36559 3
36628 79
36705 33
36736 53
36747 56
36751 86
36760 16
36767 10
36774 2
36863 100
36885 30
36898 18
36951 75
36969 54
36988 78
37055 3
37083 98
37088 51
37178 66
37183 11
37214 85
37248 90
37274 33
37276 95
37277 93
37435 94
37441 28
37446 96
37622 30
37686 100
37719 11
37809 85
37826 6
37852 83
37909 2
37929 53
37934 63
37979 81
37991 86
38020 96
38293 40
38436 76
38453 45
38459 38
38485 68
38498 44
38574 9
38587 37
38612 31
38627 14
38686 25
38734 9
38759 32
38792 95
38809 56
38817 86
38866 85
38886 41
38912 88
38924 98
38930 93
38967 30
39095 15
39098 55
39109 10
39113 70
39232 77
39292 72
39364 42
39468 44
39511 33
39736 37
39749 98
39861 57
39877 26
39950 79
39976 20
39990 31
40016 35
40090 44
40096 7
40266 9
40266 58
40332 87
40436 76
40472 71
40553 63
40571 80
40619 51
40678 76
40682 42
40758 58
40810 54
40823 8
40830 45
40862 26
40884 95
40906 69
40949 13
41057 89
41086 23
41099 98
41145 65
41161 97
41184 81
41375 42
41401 85
41524 22
41786 64
41807 71
41865 10
41963 69
41984 74
42192 50
42196 82
42222 5
42323 23
42328 96
42343 6
42398 39
42426 58
42436 42
42497 30
42513 88
42543 76
42595 69
42602 3
42935 34
42938 33
42977 11
42984 59
43006 18
43058 6
43186 89
43354 55
43357 91
43563 15
43717 11
43925 83
43931 79
43974 23
44004 80
44015 63
44036 96
44071 84
44180 80
44222 49
44384 32
44404 32
44458 35
44512 84
44564 83
44625 65
44665 72
44670 45
44754 69
44842 8
44845 98
44880 57
44910 62
44950 16
45162 88
45191 92
45202 97
45232 74
45281 58
45387 68
45391 94
45393 14
45414 89
45447 62
45473 17
45486 34
45572 76
45670 13
45704 12
45710 71
45781 67
45782 70
45801 92
45861 92
45883 32
45996 29
46068 7
46119 46
46122 9
46124 36
46130 83
46158 99
46160 57
46213 51
46299 99
46406 43
46415 73
46417 62
46446 46
46454 34
46460 37
46588 21
46602 72
46659 51
46689 53
46728 27
46767 11
46845 34
46897 42
46900 53
46941 28
46994 66
47025 93
47126 41
47145 15
47241 94
47243 44
47298 97
47344 71
47348 44
47355 61
47361 9
47400 89
47448 46
47469 73
47689 47
47692 36
47700 8
47742 17
47831 49
47866 98
47966 79
47996 27
48021 45
48049 80
48108 67
48125 96
48146 68
48358 75
48475 36
48491 31
48492 36
48520 48
48544 19
48585 53
48608 16
48710 9
48760 58
48796 72
48821 3
48843 46
48920 74
48951 53
48966 64
48986 16
49037 45
49072 88
49077 61
49119 43
49131 7
49158 33
49222 53
49321 62
49385 14
49454 70
49477 43
49501 86
49543 97
49639 91
49642 32
49661 36
49773 4
49970 84
50000 41
50006 80
50062 62
50178 99
50217 66
50244 45
50278 60
50299 30
50300 74
50314 51
50341 88
50342 93
50386 50
50417 4
50429 56
50454 97
50699 51
50756 70
50772 72
50817 35
50825 22
50850 27
50904 65
50907 4
50971 20
51060 22
51076 23
51077 39
51180 49
51180 82
51184 82
51257 70
51270 32
51313 3
51315 32
51415 63
51435 23
51457 98
51608 79
51707 79
51729 3
51784 47
51998 59
52030 88
52049 35
52063 94
52143 41
52155 68
52286 24
52381 56
52406 85
52475 88
52506 75
52519 37
52525 60
52576 31
52607 44
52659 80
52794 66
52862 98
52994 12
53003 4
53041 67
53099 25
53144 15
53190 63
53264 25
53272 85
53322 67
53337 57
53389 46
53482 38
53515 4
53542 70
53584 93
53621 26
53660 36
53703 83
53715 28
53715 45
53729 46
53746 94
53818 68
53877 84
53885 39
53935 99
53980 38
54083 50
54092 15
54104 71
54121 29
54214 45
54277 11
54285 68
54296 54
54314 38
54438 82
54450 44
54540 8
54694 90
54728 1
54800 92
54863 7
54915 15
54943 7
54964 23
54980 52
55073 31
55144 65
55177 32
55281 34
55346 82
55754 97
55776 34
55805 75
55897 75
55969 34
56038 73
56069 48
56166 11
56207 7
56239 35
56262 26
56330 73
56371 98
56453 40
56634 11
56852 8
56861 29
56873 49
57020 36
57064 62
57113 25
57148 31
57217 37
57242 9
57258 10
57338 63
57341 77
57354 15
57388 51
57405 12
57443 76
57463 88
57492 2
57513 22
57516 88
57772 15
57796 84
57826 51
57832 80
57910 13
57948 38
57956 62
58048 55
58085 77
58102 53
58109 54
58118 37
58122 20
58134 88
58174 92
58258 88
58292 23
58297 83
58481 56
58579 59
58601 48
58611 32
58619 32
58643 73
58652 2
58711 34
58716 35
58768 78
58819 71
58925 11
58944 85
58949 22
58967 63
59099 64
59114 73
59259 64
59350 19
59424 39
59446 95
59450 5
59469 75
59521 27
59575 17
59617 31
59642 60
59676 79
59733 81
59769 92
59809 67
59961 73
59976 65
60001 99
60022 81
60039 13
60067 29
60092 44
60124 64
60128 83
60153 39
60153 74
60169 88
60204 72
60215 78
60289 30
60321 28
60466 96
60582 15
60595 57
60662 31
60755 31
60831 93
60855 54
60865 64
60866 61
60976 79
60985 54
61011 18
61020 19
61042 45
61191 22
61192 26
61269 24
61269 69
61312 93
61378 63
61412 52
61477 98
61511 50
61606 14
61636 65
61773 4
61836 8
61837 64
61842 19
61908 35
61999 39
62097 32
62152 81
62274 45
62276 30
62336 42
62400 20
62408 26
62578 25
62587 74
62592 89
62692 75
62750 60
62754 19
62811 76
62842 89
62887 90
62888 46
62965 12
62966 18
63010 85
63041 83
63070 55
63352 44
63407 33
63515 97
63530 16
63599 73
63605 49
63609 35
63685 87
63695 93
63697 33
63704 31
63783 50
63807 23
63859 53
63869 19
63871 49
63872 68
63877 25
64113 30
64114 67
64141 56
64202 50
64226 74
64327 29
64459 93
64517 15
64537 5
64641 47
64703 79
64720 12
64777 21
64794 92
64806 35
64896 84
64987 4
65021 72
65095 18
65233 90
65332 5
65332 27
65348 57
65372 94
65431 61
65449 83
65514 71
65596 57
65625 39
65629 6
65631 54
65633 29
65716 92
65736 73
65793 80
65831 24
65837 93
65931 85
65937 90
65966 20
66032 41
66043 67
66056 49
66063 25
66122 68
66125 78
66208 6
66210 22
66322 84
66339 25
66456 49
66481 42
66531 94
66619 31
66661 44
66671 55
66673 35
66707 84
66749 33
66861 18
66923 28
67010 60
67022 87
67064 64
67078 90
67088 12
67093 53
67116 95
67161 88
67181 22
67264 63
67358 56
67410 8
67438 2
67482 95
67537 51
67767 85
67807 22
67908 94
67911 79
67941 33
68023 85
68033 13
68098 89
68221 76
68246 30
68305 14
68310 69
68329 73
68360 80
68392 56
68407 78
68536 88
68668 43
68828 21
68878 66
68894 40
68945 71
68963 32
69019 53
69043 7
69178 90
69324 14
69346 38
69348 45
69384 38
69396 1
69457 24
69642 98
69768 18
69819 13
69884 47
69938 39
69995 32
70007 25
70020 17
70188 64
70230 95
70256 72
70260 8
70262 1
70412 30
70421 86
70472 43
70559 3
70586 80
70659 15
70660 39
70671 53
70763 22
70773 13
70774 53
70942 32
71057 32
71066 88
71171 86
71227 1
71237 79
71292 62
71300 61
71321 19
71344 52
71395 50
71410 41
71434 80
71438 61
71451 68
71452 80
71482 71
71521 55
71524 49
71713 56
71788 89
71822 54
71824 17
71879 24
71912 18
71916 52
72159 49
72179 82
72224 99
72238 23
72238 93
72283 77
72362 25
72362 88
72446 77
72501 100
72548 91
72578 63
72619 46
72667 71
72725 92
72782 35
72817 85
72855 62
72935 4
72982 70
73038 83
73048 91
73052 17
73097 68
73111 12
73114 42
73167 55
73172 26
73246 56
73262 94
73285 90
73304 25
73327 76
73376 9
73440 13
73477 90
73506 39
73563 18
73718 51
73733 55
73761 73
73907 68
73940 85
74006 59
74035 70
74075 71
74102 56
74171 27
74214 25
74289 22
74309 40
74324 96
74427 91
74458 31
74481 12
74513 64
74663 76
74714 3
74776 19
74782 35
74887 13
74888 13
74929 36
74945 74
74962 91
74967 34
74974 31
74975 88
74986 75
74996 46
75019 60
75020 15
75034 87
75051 75
75057 9
75096 80
75187 82
75194 6
75198 88
75251 86
75290 4
75316 55
75371 79
75375 97
75414 83
75515 29
75730 11
75790 33
75855 40
75873 12
75883 16
75909 52
76053 86
76135 37
76140 93
76240 96
76244 71
76338 32
76518 90
76522 27
76596 82
76597 78
76681 94
76686 16
76744 29
76746 78
76797 17
76818 22
76824 24
76847 83
76850 4
76894 3
76926 41
76980 27
77027 34
77112 65
77145 85
77169 26
77177 55
77324 28
77370 20
77382 89
77384 69
77455 40
77535 38
77565 50
77604 6
77616 46
77702 79
77708 46
77720 97
77721 70
77805 95
77919 1
77961 18
78007 34
78034 66
78173 29
78177 78
78206 24
78328 41
78474 5
78557 67
78612 77
78634 1
78715 66
78754 77
78806 26
78809 63
78810 52
78871 20
78884 94
78922 23
78955 7
78982 49
78995 69
79034 4
79038 1
79056 80
79096 52
79624 3
79630 77
79711 57
79730 85
79731 83
79762 28
79788 30
79832 31
79847 93
79879 39
79903 50
79984 12
80044 82
80101 33
80110 27
80169 58
80241 63
80277 59
80305 93
80344 22
80528 35
80566 14
80596 13
80666 84
80671 4
80710 75
80755 100
80847 8
81034 77
81121 95
81130 66
81202 44
81233 56
81316 14
81338 28
81464 95
81497 31
81564 33
81566 24
81588 61
81606 14
81660 40
81668 47
81680 61
81704 76
81844 14
82104 76
82121 94
82145 95
82216 88
82243 93
82246 1
82267 92
82315 89
82404 14
82431 17
82443 10
82456 67
82485 33
82511 33
82534 25
82601 63
82614 14
82628 62
82632 58
82728 74
82766 82
82773 69
82866 11
82875 87
82878 3
82951 98
83015 66
83148 20
83154 6
83154 72
83271 18
83294 29
83316 57
83370 5
83373 52
83402 20
83414 89
83418 13
83437 100
83582 99
83665 82
83715 37
83752 24
83758 64
83925 15
83976 24
83999 62
84160 40
84183 11
84217 75
84242 95
84264 66
84266 87
84331 37
84367 1
84418 95
84439 77
84445 50
84458 98
84476 97
84576 78
84618 76
84625 50
84765 14
84800 95
84823 57
84897 91
84915 45
84917 93
84995 99
85040 75
85079 78
85183 76
85223 60
85224 75
85325 67
85375 81
85397 69
85457 18
85475 66
85529 87
85566 12
85648 29
85672 63
85690 86
85699 47
85727 22
85828 57
85994 62
86007 59
86055 35
86111 56
86125 9
86157 16
86257 8
86317 69
86351 96
86381 35
86392 36
86403 85
86424 76
86433 48
86439 100
86525 52
86547 8
86560 8
86566 48
86612 47
86738 83
86781 3
86790 45
86858 3
86990 84
86995 40
87026 77
87033 73
87097 13
87103 54
87147 28
87162 90
87232 6
87250 11
87272 47
87306 15
87335 5
87373 53
87445 3
87483 32
87499 91
87519 87
87544 37
87611 11
87640 19
87708 38
87726 33
87736 73
87759 41
87998 66
88016 4
88066 71
88067 96
88129 16
88139 81
88203 33
88204 5
88207 41
88230 97
88234 58
88304 53
88397 84
88475 77
88498 75
88528 33
88625 89
88649 38
88676 95
88725 40
88759 65
88821 76
88846 68
88884 27
88917 62
88927 78
88951 59
88952 31
88971 90
89045 71
89121 4
89130 83
89168 42
89265 59
89307 27
89336 36
89404 47
89427 85
89474 66
89512 100
89536 75
89597 26
89673 26
89768 57
89793 16
89810 55
89823 32
89842 21
89954 72
90081 61
90146 12
90151 83
90334 46
90361 50
90378 72
90401 28
90450 74
90461 9
90467 14
90587 15
90628 45
90635 53
90652 33
90660 9
90701 93
90717 82
90771 92
90796 58
90804 36
90821 97
90853 74
90913 96
90992 11
91216 10
91222 56
91242 90
91279 94
91300 84
91415 46
91713 24
91713 54
91737 81
91738 49
91767 7
91771 88
91774 23
91809 5
91843 50
91882 34
91885 78
91897 36
92226 54
92229 61
92250 78
92388 19
92465 96
92466 1
92569 35
92630 13
92676 37
92737 82
92814 22
92819 77
92847 90
92868 59
92916 42
93034 57
93108 4
93168 37
93291 19
93292 86
93317 54
93332 99
93450 62
93512 40
93541 53
93581 56
93643 76
93732 21
93747 65
93807 25
93809 63
93810 67
93852 36
93897 6
93899 6
93903 74
93917 7
93936 11
93957 52
94134 89
94285 65
94380 55
94405 28
94428 81
94440 95
94475 17
94479 32
94488 64
94507 1
94516 38
94527 80
94630 68
94732 29
94752 93
94785 44
94841 23
94997 54
95057 4
95063 33
95126 94
95131 100
95364 28
95424 92
95511 23
95580 36
95648 54
95775 77
95887 35
95912 60
95932 52
96057 55
96101 82
96107 10
96198 15
96227 89
96244 8
96332 8
96344 33
96356 6
96368 84
96615 88
96655 55
96664 3
96699 62
96701 77
96813 22
96838 51
96873 100
96876 38
96880 52
96898 6
96915 62
96971 54
96973 56
96988 92
97107 48
97176 85
97190 27
97194 60
97207 22
97231 32
97286 57
97313 48
97429 71
97482 32
97486 7
97491 29
97502 56
97514 44
97555 88
97558 90
97573 58
97585 45
97655 62
97774 70
97780 72
97894 55
97911 78
98109 82
98286 80
98291 92
98324 77
98603 35
98617 82
98627 37
98637 30
98647 2
98657 69
98713 4
98784 25
98795 41
98819 10
98836 25
98973 43
98998 21
99021 73
99042 26
99109 60
99154 53
99202 23
99259 97
99275 15
99299 24
99343 70
99389 45
99435 10
99534 36
99603 85
99607 100
99615 30
99615 91
99632 85
99633 68
99702 77
99710 76
99750 14
99799 96
99854 78
100113 57
100206 78
100412 19
100426 27
100444 98
100483 94
100495 65
100635 20
100667 28
100677 6
100781 80
100834 14
100850 71
100888 2
100890 94
100937 8
100963 9
101010 83
101132 78
101152 32
101308 96
101567 45
101652 53
101729 44
101763 34
101771 48
101791 28
101795 86
101877 23
102157 46
102250 38
102257 69
102338 100
102414 55
102538 74
102571 22
102706 15
102706 75
102721 49
102742 63
102753 13
102816 96
102867 24
102903 84
103021 79
103105 26
103113 96
103153 29
103209 56
103438 66
103484 36
103512 26
103581 18
103650 20
103691 64
103812 4
103851 92
103893 42
103949 95
104013 49
104135 92
104158 18
104172 41
104262 99
104303 65
104411 63
104431 86
104531 97
104613 17
104625 89
104689 84
104874 22
104905 32
104919 48
104938 59
105012 97
105052 59
105065 83
105119 19
105143 88
105150 72
105166 24
105179 71
105183 10
105258 82
105354 15
105392 87
105441 10
105463 79
105574 60
105597 37
105648 47
105689 15
105723 32
105830 29
105831 95
105976 58
106083 57
106176 80
106181 23
106183 23
106238 47
106351 86
106381 83
106411 17
106421 53
106456 30
106502 60
106631 79
106818 11
106853 95
107035 87
107052 88
107136 16
107147 25
107235 57
107411 87
107432 70
107516 30
107543 26
107581 2
107611 42
107620 87
107654 33
107675 46
107697 28
107710 18
107772 35
107803 85
107904 7
107941 30
108003 21
108011 67
108072 76
108089 92
108122 95
108146 7
108195 63
108201 100
108311 99
108315 90
108385 9
108411 43
108445 35
108521 90
108527 38
108660 64
108668 93
108687 94
108747 78
108867 35
108907 37
108924 81
108939 30
109047 47
109053 24
109082 39
109098 22
109098 100
109127 89
109136 32
109178 95
109215 80
109232 11
109324 30
109329 20
109388 15
109418 71
109420 40
109449 78
109472 52
109486 73
109494 15
109506 80
109514 33
109578 50
109596 39
109601 54
109663 45
109685 91
109712 95
109858 38
109908 27
109943 67
110025 40
110054 7
110054 93
110089 19
110105 28
110127 32
110132 25
110280 34
110298 9
110406 74
110447 97
110469 20
110547 81
110731 94
110835 20
110886 21
110905 14
110932 21
111033 49
111044 66
111093 95
111097 73
111193 43
111360 65
111443 20
111469 28
111472 70
111486 9
111520 69
111555 59
111612 56
111623 84
111683 60
111713 60
111748 95
111857 29
111876 9
111898 17
111954 73
112024 69
112036 90
112037 22
112150 23
112168 25
112244 11
112373 64
112525 71
112636 80
112653 51
112690 10
112725 48
112767 28
112802 80
112848 17
112878 53
112989 82
113112 64
113148 100
113155 82
113159 58
113160 91
113166 24
113174 18
113191 30
113212 16
113221 90
113238 82
113241 18
113316 77
113340 28
113362 42
113391 61
113523 2
113526 68
113550 95
113584 76
113593 40
113646 14
113677 99
113712 50
113849 36
113862 23
113929 32
113974 35
114054 32
114172 16
114261 78
114366 88
114381 83
114403 88
114449 66
114455 45
114489 33
114514 60
114533 29
114573 6
114579 45
114593 58
114625 96
114648 19
114653 1
114679 38
114694 38
114726 54
114726 96
114743 35
114856 77
114892 11
115058 17
115066 82
115074 54
115163 16
115262 93
115287 19
115300 15
115380 27
115413 72
115514 82
115551 2
115560 20
115589 86
115594 37
115605 99
115657 41
115686 60
115704 18
115760 28
115785 85
115791 10
115811 29
115860 13
115909 26
115947 66
115962 79
115965 52
116013 83
116019 4
116052 67
116117 41
116179 91
116186 57
116223 67
116287 64
116346 58
116373 49
116506 13
116532 94
116593 65
116681 8
116763 38
116766 70
116789 56
116816 99
116838 7
116846 28
117027 79
117048 40
117183 10
117184 68
117230 7
117241 56
117258 59
117286 48
117300 74
117396 10
117397 7
117481 16
117519 89
117682 56
117742 8
117852 19
117954 60
118002 99
118028 58
118035 9
118036 66
118074 37
118103 48
118131 100
118208 89
118210 13
118247 57
118277 3
118318 3
118365 84
118440 29
118443 96
118449 37
118526 6
118574 98
118655 8
118672 54
118677 41
118747 66
118770 68
118809 81
118865 17
118906 22
118924 19
119051 44
119065 83
119248 23
119265 60
119307 89
119321 10
119336 82
119414 9
119480 60
119484 24
119545 48
119619 45
119682 83
119756 55
119787 20
119813 51
119862 31
119889 79
119933 7
119954 100
119978 38
119991 97
120007 49
120010 82
120012 54
120097 17
120129 4
120130 59
120146 71
120153 77
120195 88
120249 62
120305 10
120323 6
120474 87
120475 19
120520 46
120577 24
120616 7
120645 49
120693 81
120943 77
120978 57
120985 79
121020 26
121069 37
121184 98
121199 89
121215 7
121238 85
121331 52
121376 46
121544 78
121561 84
121592 18
121613 49
121622 88
121632 94
121720 62
121746 69
121784 52
121792 31
121826 19
121915 59
121924 27
121931 38
121958 40
122109 41
122115 47
122176 3
122217 90
122233 76
122263 90
122291 79
122429 51
122465 91
122468 58
122545 66
122558 44
122595 1
122603 1
122624 69
122628 75
122646 58
122656 52
122719 70
122750 52
122759 64
122791 35
122801 19
122815 47
122901 65
122906 27
122911 28
122912 37
122922 55
122958 15
122959 36
123047 72
123103 36
123324 59
123476 53
123490 93
123554 88
123583 17
123603 93
123610 61
123677 49
123688 72
123769 8
123829 42
123835 54
123959 34
123962 72
123988 21
124030 4
124034 45
124055 56
124097 84
124113 27
124126 27
124188 8
124321 72
124344 43
124359 13
124402 61
124417 64
124428 12
124521 13
124601 36
124643 90
124649 83
124777 23
124843 58
124953 38
124998 43
125077 73
125107 91
125236 82
125307 16
125330 33
125411 91
125453 58
125518 11
125597 57
125696 75
125851 55
125851 100
125880 4
125946 13
125977 50
126025 75
126104 67
126126 99
126192 69
126208 64
126267 74
126297 100
126441 11
126500 91
126563 34
126574 86
126629 66
126660 84
126679 41
126770 51
126779 65
126823 12
126848 87
126857 88
126930 74
127048 38
127050 21
127123 52
127125 95
127181 9
127190 18
127208 53
127412 10
127517 75
127522 32
127541 63
127545 100
127664 88
127709 56
127763 8
127858 1
127869 27
127968 57
127997 58
128075 46
128129 66
128146 38
128152 94
128191 49
128198 54
128237 64
128298 68
128495 98
128525 70
128525 91
128567 53
128650 69
128652 55
128699 55
128734 77
128853 39
128914 33
128992 7
129085 87
129176 13
129262 86
129324 80
129409 66
129430 61
129542 26
129635 8
129667 5
129669 75
129745 97
129822 40
129827 25
129828 73
129862 49
129911 7
129980 22
130044 29
130050 97
130060 80
130139 10
130143 19
130242 84
130281 27
130332 89
130338 47
130411 87
130429 96
130432 61
130448 18
130556 87
130623 27
130625 77
130795 18
130874 61
130948 42
130985 35
130998 9
131054 20
131238 3
131287 77
131405 51
131462 79
131472 78
131508 7
131545 74
131567 34
131573 75
131644 60
131659 49
131701 89
131728 6
131786 14
131793 37
131879 16
131958 97
132005 28
132029 46
132049 59
132121 65
132220 43
132262 71
132278 98
132283 6
132319 55
132499 2
132636 5
132749 16
132839 51
132939 85
133040 7
133062 73
133123 64
133151 41
133211 67
133222 76
133228 91
133245 66
133248 97
133303 83
133342 73
133380 65
133412 92
133465 19
133479 87
133486 62
133575 15
133611 16
133658 32
133709 38
133717 21
133723 37
133751 40
133926 99
133984 93
133986 46
133992 43
133993 4
134024 46
134103 38
134117 75
134133 36
134199 28
134357 51
134385 98
134518 25
134529 39
134647 43
134662 91
134679 62
134700 44
134719 41
134765 25
134808 61
134825 88
134890 96
135039 20
135071 82
135175 8
135196 32
135306 100
135655 69
135686 70
135695 95
135701 21
135725 50
135735 93
135756 43
135759 46
135763 9
135888 82
135958 46
135965 11
135972 87
136049 28
136143 91
136175 56
136201 46
136206 73
136397 65
136437 34
136462 74
136480 11
136541 7
136592 18
136606 8
136616 92
136670 2
136683 80
136755 14
136850 42
136866 28
136876 28
136889 15
136967 61
137135 70
137196 27
137219 39
137326 34
137340 61
137462 13
137514 24
137592 93
137681 20
137725 20
137772 79
137892 48
137910 97
137961 78
138015 64
138102 85
138229 13
138233 67
138252 93
138256 19
138263 46
138310 52
138339 80
138408 41
138502 92
138523 57
138544 10
138571 37
138595 15
138635 57
138637 78
138846 69
138903 92
138904 84
138906 12
138907 33
138933 2
138985 33
139027 63
139077 92
139101 72
139223 84
139274 75
139290 29
139308 29
139322 3
139329 5
139477 100
139545 26
139614 82
139622 40
139647 74
139651 35
139677 2
139781 12
139794 2
139959 15
140024 62
140114 55
140115 15
140186 17
140187 15
140250 16
140273 41
140302 7
140305 11
140370 46
140386 29
140461 25
140536 56
140617 13
140669 92
140679 2
140704 60
140869 40
140872 70
140948 65
140958 4
140973 44
141119 19
141126 71
141166 50
141219 44
141230 4
141280 16
141293 9
141331 11
141336 91
141349 84
141354 7
141611 4
141619 6
141701 8
141703 17
141724 55
141741 38
141797 26
141810 51
141905 8
142024 32
142036 10
142044 29
142095 5
142104 54
142121 2
142227 23
142243 88
142389 41
142399 50
142451 55
142590 63
142698 88
142828 41
142900 34
143084 71
143214 10
143223 68
143225 17
143284 51
143297 46
143436 39
143436 56
143463 55
143521 63
143528 4
143553 62
143592 4
143759 65
143958 78
144111 46
144165 30
144474 39
144505 16
144550 96
144612 87
144637 3
144674 43
144722 93
144735 6
144743 39
144808 80
144823 37
144825 38
144986 86
145022 13
145044 59
145047 70
145063 100
145093 88
145153 84
145210 10
145237 68
145262 98
145318 50
145329 84
145344 51
145400 70
145439 15
145449 5
145462 3
145481 12
145514 42
145520 26
145544 24
145562 85
145614 23
145634 40
145744 13
145763 77
145932 51
146001 47
146105 93
146138 1
146153 66
146172 12
146279 89
146339 3
146393 96
146446 21
146573 10
146603 91
146658 4
146691 73
146765 84
146788 56
146868 40
146977 71
147122 94
147286 43
147304 91
147305 47
147308 7
147367 57
147373 80
147667 67
147694 88
147735 4
147769 45
147973 29
147976 84
147989 11
147996 80
148023 89
148029 24
148094 89
148156 70
148178 65
148239 78
148292 35
148363 51
148383 90
148429 19
148436 29
148495 47
148535 84
148582 43
148646 63
148661 63
148709 38
148837 83
148869 30
148897 13
148912 3
148998 31
149083 94
149133 13
149284 4
149284 36
149311 44
149315 32
149398 83
149421 26
149448 4
149493 100
149545 70
149571 9
149617 85
149641 61
149670 72
149735 3
149738 75
149803 18
149877 77
149908 85
149910 60
149944 55
149998 74
150108 34
150144 42
150234 31
150244 58
150315 2
150367 40
150428 91
150471 14
150515 43
150596 59
150790 9
150865 55
150899 7
150931 92
150935 23
151087 87
151111 19
151134 19
151234 1
151279 99
151325 9
151327 10
151429 91
151458 90
151463 45
151510 47
151538 34
151563 94
151593 56
151785 74
151833 23
151887 8
151924 32
151927 96
151933 67
152021 16
152051 32
152103 60
152115 14
152173 49
152182 80
152254 92
152264 65
152356 30
152416 4
152496 78
152557 46
152592 87
152653 99
152667 70
152743 23
152749 88
152757 5
152763 48
152763 91
152814 69
152829 97
152879 54
152990 66
153116 13
153122 53
153170 40
153199 11
153297 47
153381 12
153382 54
153451 97
153467 20
153496 46
153596 75
153625 81
153626 3
153656 12
153710 75
153805 5
154041 9
154145 74
154178 51
154189 32
154190 60
154329 45
154348 93
154531 25
154676 57
154703 51
154708 65
154752 6
154827 46
155005 88
155021 98
155026 19
155039 30
155073 47
155122 100
155139 47
155248 3
155252 41
155272 2
155402 31
155426 59
155550 46
155587 53
155628 30
155764 30
155771 71
155897 16
155962 22
156046 55
156078 66
156182 78
156186 15
156241 14
156427 52
156503 12
156532 6
156538 5
156617 92
156653 70
156695 39
156703 19
156720 33
156724 99
156802 65
156962 56
157013 72
157022 60
157024 11
157068 57
157099 42
157135 75
157166 38
157214 68
157227 80
157233 40
157246 4
157373 16
157380 52
157694 29
157745 1
157867 87
157920 48
157943 12
157945 13
157968 55
157988 60
158055 94
158060 41
158086 7
158096 30
158104 74
158171 62
158195 42
158283 80
158320 88
158333 46
158337 21
158399 46
158464 13
158517 11
158521 29
158583 16
158585 4
158641 28
158707 93
158739 58
158762 63
158795 63
158830 19
158888 60
158895 9
158916 96
158949 50
159200 34
159258 95
159270 83
159376 55
159381 16
159405 92
159454 25
159457 28
159566 97
159587 81
159592 96
159626 60
159634 66
159720 99
159738 48
160069 7
160230 36
160336 8
160350 61
160389 13
160407 88
160460 89
160638 14
160656 4
160666 74
160682 2
160741 66
160917 15
160958 38
160985 18
160988 55
160990 90
161036 55
161122 56
161137 21
161191 68
161199 23
161309 88
161312 95
161379 67
161385 44
161416 91
161433 20
161442 27
161476 52
161485 96
161487 32
161549 38
161557 45
161560 5
161573 95
161705 55
161785 36
161793 96
161916 15
161989 36
162048 73
162056 13
162172 54
162286 35
162347 3
162426 67
162436 26
162439 45
162476 95
162492 61
162533 82
162535 85
162681 37
162739 30
162773 42
162933 64
162938 14
162978 80
163004 22
163028 70
163190 49
163233 19
163236 95
163270 69
163444 9
163481 97
163487 70
163502 6
163567 77
163584 5
163594 3
163600 19
163625 10
163641 59
163671 94
163709 79
163725 4
163747 13
163917 92
164172 48
164210 95
164250 6
164320 96
164435 1
164439 95
164444 54
164478 35
164542 66
164647 24
164698 68
164731 11
164731 84
164742 70
164745 64
164750 82
164766 61
164804 52
164826 73
164857 13
164898 49
164929 99
164936 96
165020 62
165067 66
165089 7
165193 24
165234 76
165255 73
165307 18
165339 54
165428 55
165456 97
165457 87
165462 43
165492 29
165619 45
165663 55
165707 65
165787 92
165801 42
165803 36
165809 14
165896 60
165915 47
165981 37
165985 41
165986 19
166074 40
166100 25
166106 26
166111 28
166139 80
166390 66
166468 27
166473 96
166481 37
166517 95
166540 40
166602 70
166868 26
166877 29
166905 26
166925 68
166937 52
167027 76
167038 8
167061 89
167067 88
167216 98
167251 41
167305 34
167324 7
167374 26
167502 76
167833 53
167895 49
167896 59
167982 57
167995 19
168055 3
168200 69
168213 21
168234 13
168316 45
168351 2
168445 4
168456 1
168719 40
168757 90
168868 83
168880 91
168897 30
169062 50
169191 87
169252 35
169294 27
169348 58
169349 53
169372 99
169403 54
169413 15
169565 17
169610 10
169638 14
169639 77
169656 23
169697 50
169710 90
169771 16
169886 1
169892 3
169929 41
170015 88
170061 64
170161 23
170208 21
170315 76
170341 58
170402 75
170444 17
170524 32
170685 36
170730 59
170736 16
170755 90
170773 48
170777 69
170801 73
170873 7
170882 72
170903 54
170928 85
171003 44
171121 53
171228 46
171231 75
171233 1
171242 65
171245 41
171286 17
171308 97
171325 38
171344 66
171367 3
171423 66
171500 86
171590 63
171621 47
171661 66
171667 84
171672 62
171698 39
171765 69
171813 18
171823 42
171845 86
171865 33
171883 29
171890 66
171893 84
171970 75
172297 5
172337 41
172356 39
172419 33
172447 84
172499 65
172507 43
172533 49
172583 48
172672 44
172722 17
172774 78
172813 77
172828 2
173004 56
173057 98
173081 40
173086 54
173241 19
173257 24
173263 11
173271 31
173335 97
173349 90
173396 24
173426 80
173510 34
173537 12
173585 42
173610 11
173619 65
173621 31
173673 59
173697 47
173829 62
173829 78
173890 42
173903 8
174014 26
174138 34
174211 18
174319 51
174328 64
174346 91
174347 37
174464 23
174471 19
174510 95
174650 92
174768 79
174804 76
174939 96
174958 69
175032 79
175091 98
175190 24
175262 86
175266 50
175300 64
175355 88
175362 97
175416 7
175467 34
175473 95
175562 43
175648 71
175650 33
175732 16
175758 14
175857 27
175863 1
175947 88
175992 81
176129 60
176146 49
176244 64
176268 13
176276 19
176291 100
176304 78
176316 1
176335 91
176373 37
176528 63
176538 87
176555 83
176764 35
176994 88
177055 2
177058 16
177107 30
177137 47
177156 95
177170 4
177214 57
177272 69
177276 22
177383 85
177411 30
177475 91
177526 73
177553 46
177561 97
177620 8
177671 76
177721 28
177728 40
177770 92
177952 81
178013 11
178035 16
178041 35
178077 88
178130 2
178147 41
178263 80
178351 28
178358 98
178471 31
178518 85
178522 53
178577 18
178623 17
178663 38
178687 18
178690 46
178722 91
178758 18
178798 84
178813 20
178857 38
178912 17
178944 89
178983 87
179000 25
179171 63
179173 90
179258 2
179336 34
179390 33
179421 98
179525 38
179534 3
179542 24
179583 45
179588 76
179599 20
179697 45
179719 56
179721 1
179722 2
179756 58
179771 18
179783 13
179836 2
179866 19
179871 50
179932 100
179939 17
179943 78
179982 83
180130 34
180159 17
180201 23
180251 46
180275 74
180333 20
180405 28
180418 66
180551 6
180556 76
180728 26
180766 55
180798 100
180812 77
180962 83
180985 31
181068 58
181073 36
181344 38
181358 91
181384 88
181397 48
181467 31
181482 75
181486 3
181497 78
181542 67
181575 44
181691 5
181834 52
181891 10
181911 3
181919 39
181939 31
182160 65
182187 58
182219 81
182280 86
182348 86
182380 82
182387 26
182426 23
182693 21
182822 50
182843 58
182970 27
183082 3
183109 20
183331 92
183509 99
183531 64
183589 20
183611 34
183643 34
183713 94
183749 8
183861 18
183862 16
183937 82
183977 30
184009 85
184028 42
184056 25
184083 7
184183 58
184186 94
184269 36
184341 39
184395 19
184399 22
184418 58
184428 77
184453 44
184513 12
184518 51
184530 34
184547 85
184558 100
184613 21
184694 93
184732 96
184775 14
184791 7
184818 15
184878 64
184886 84
184926 57
184934 79
184957 80
185117 8
185157 1
185204 50
185261 21
185286 14
185324 94
185338 93
185377 44
185377 90
185380 29
185412 66
185463 78
185463 90
185472 60
185481 52
185510 58
185524 62
185534 81
185535 65
185562 9
185618 77
185634 13
185667 56
185671 61
185673 48
185685 67
185698 24
185705 69
185720 56
185746 76
185776 43
185778 42
185827 43
185938 2
186038 38
186085 63
186145 76
186174 64
186232 57
186243 91
186294 81
186304 78
186337 13
186366 27
186422 77
186514 33
186524 44
186561 65
186589 58
186704 71
186881 94
186911 34
186989 56
187003 42
187084 92
187128 81
187170 19
187236 83
187356 40
187446 29
187513 17
187531 51
187600 83
187608 60
187638 38
187727 70
187734 37
187766 19
187772 24
187864 27
187956 6
187957 32
188102 88
188132 20
188306 61
188516 33
188697 72
188793 55
188829 32
188871 40
188931 67
188971 74
189058 40
189070 99
189077 14
189124 32
189171 34
189178 59
189289 65
189316 75
189342 11
189382 81
189398 47
189469 87
189471 94
189473 92
189509 41
189531 29
189601 17
189717 35
189720 45
189733 43
189769 62
189802 18
189811 72
190045 64
190057 54
190068 61
190069 53
190072 14
190088 93
190138 87
190239 1
190243 77
190274 72
190392 21
190409 65
190417 63
190491 8
190502 45
190503 29
190565 77
190593 48
190611 53
190629 8
190635 67
190677 34
190741 36
190778 37
190830 40
190940 97
190970 3
191071 53
191113 82
191130 62
191145 94
191156 7
191175 36
191204 19
191210 58
191281 83
191295 78
191342 87
191362 15
191423 60
191426 48
191447 30
191455 95
191578 29
191590 57
191595 81
191651 69
191685 5
191691 37
191739 2
191748 91
191789 21
191865 17
192063 26
192105 14
192251 46
192404 33
192437 77
192484 90
192592 4
192613 84
192625 76
192712 46
192739 98
192788 70
192805 8
192817 59
192818 65
192837 55
192838 55
192849 52
192862 93
192910 90
192911 35
192942 1
192963 31
193093 58
193197 26
193203 73
193314 59
193356 23
193378 47
193380 87
193423 70
193450 61
193479 6
193514 29
193529 28
193569 19
193884 35
193921 74
194010 64
194018 88
194097 4
194231 39
194420 65
194425 89
194476 45
194513 23
194536 79
194586 34
194619 59
194624 56
194699 22
194769 98
194850 82
194965 89
195061 15
195110 46
195121 20
195136 84
195186 9
195218 80
195251 36
195319 76
195458 12
195509 23
195537 92
195541 80
195598 8
195628 13
195651 48
195655 73
195798 79
195819 93
195823 44
195842 82
195849 14
195857 30
195991 61
196006 38
196034 94
196105 18
196121 96
196129 72
196311 81
196502 3
196548 1
196578 43
196579 64
196617 68
196648 52
196678 81
196767 47
196810 37
196846 82
196868 64
196881 91
196884 22
196926 82
196932 66
196938 17
196965 98
196970 14
196973 100
196979 31
197048 25
197135 43
197142 95
197236 47
197383 90
197453 41
197479 73
197537 90
197554 50
197582 32
197591 90
197669 16
197678 44
197685 9
197731 75
197775 97
197777 46
197843 2
197862 36
197944 44
198005 84
198102 26
198186 91
198194 60
198222 70
198231 97
198330 24
198369 95
198390 68
198401 9
198433 40
198503 10
198559 36
198675 37
198892 92
198913 34
198930 70
198940 2
199034 59
199036 100
199055 93
199344 78
199577 90
199577 99
199591 41
199616 98
199673 64
199689 70
199826 74
199862 56
199889 15
199896 92
199995 6
200017 19
200060 88
200171 19
200299 90
200304 26
200405 89
200492 29
200520 16
200540 90
200606 79
200608 95
200645 49
200674 72
200730 33
200735 11
200742 53
200785 2
200799 43
200821 49
200946 38
200997 82
201024 67
201053 54
201070 84
201142 86
201165 10
201234 86
201260 1
201266 72
201382 62
201402 38
201423 11
201552 69
201584 12
201652 33
201670 28
201724 37
201832 40
201873 68
201932 95
201998 42
202015 24
202200 77
202201 37
202205 65
202258 26
202278 38
202413 79
202439 4
202484 34
202485 69
202522 13
202543 26
202567 60
202646 4
202685 51
202701 64
202718 98
202735 44
202834 95
202893 48
202921 31
202946 53
202979 93
203057 23
203058 46
203061 45
203180 36
203303 27
203366 52
203366 70
203389 100
203445 90
203508 12
203547 94
203558 19
203629 30
203655 80
203677 31
203717 61
203718 12
203775 97
203803 14
203847 53
204070 85
204117 37
204140 97
204168 40
204231 6
204399 44
204417 76
204514 70
204530 56
204569 28
204592 20
204648 41
204738 38
204745 6
204819 77
204832 4
204915 9
204961 68
204975 71
204976 36
205107 55
205117 72
205241 37
205255 73
205269 43
205301 14
205319 61
205379 41
205379 55
205383 50
205490 19
205605 74
205704 81
205760 19
205949 45
206021 55
206034 70
206118 14
206164 98
206173 37
206237 50
206266 63
206291 58
206448 71
206461 53
206470 26
206489 3
206511 91
206513 45
206605 82
206644 87
206662 50
206727 31
206811 92
206816 18
206874 19
206925 49
206981 55
207108 87
207137 36
207193 38
207219 74
207304 45
207326 34
207499 28
207632 61
207649 20
207662 49
207679 29
207732 67
207802 71
207827 62
207907 76
207945 72
207979 79
207997 56
208008 22
208118 81
208369 59
208370 21
208375 79
208418 12
208460 31
208477 94
208484 41
208537 1
208556 69
208571 97
208591 82
208636 27
208802 39
208852 58
208863 95
208888 45
208932 82
208940 64
208950 93
208970 4
209033 32
209071 51
209176 18
209242 62
209243 94
209254 6
209286 28
209492 24
209509 95
209593 23
209617 14
209642 51
209726 22
209771 8
209798 72
209805 5
209849 65
209934 75
209947 51
209956 84
210012 92
210095 87
210135 93
210199 87
210253 6
210275 16
210290 64
210294 54
210393 83
210425 24
210449 91
210536 23
210587 17
210601 12
210637 45
210728 45
210739 81
210741 93
210856 29
210856 58
210900 84
210907 99
210927 91
210953 15
210959 50
210968 61
211042 5
211136 7
211210 15
211241 15
211375 82
211385 2
211428 68
211465 64
211505 38
211506 47
211513 15
211709 15
211739 63
211834 77
211881 15
211936 83
212032 88
212053 53
212147 97
212189 40
212204 38
212272 54
212464 88
212483 5
212502 15
212522 4
212616 39
212637 75
212762 70
212828 60
212926 27
212929 56
212956 74
213071 52
213147 52
213232 52
213285 72
213319 97
213480 56
213516 49
213613 35
213673 40
213689 13
213724 35
213872 92
213881 77
213887 100
213938 35
214093 37
214098 97
214125 55
214152 85
214154 23
214182 70
214209 49
214342 24
214348 49
214361 86
214428 68
214438 37
214556 77
214584 35
214675 33
214693 35
214708 12
214881 42
214907 12
215036 92
215194 67
215266 9
215293 30
215540 70
215607 68
215629 85
215657 1
215686 99
215718 42
215719 84
215837 51
215859 24
215902 3
215920 61
215937 46
215979 63
215979 82
216148 83
216151 49
216158 1
216237 29
216280 91
216299 8
216318 51
216333 89
216397 21
216437 44
216459 67
216559 81
216628 26
216654 5
216665 95
216704 89
216706 84
216723 75
216803 83
216811 31
216863 58
216933 29
216949 39
216975 70
217044 46
217074 8
217153 96
217154 92
217184 60
217269 85
217272 9
217343 89
217360 18
217370 53
217384 92
217388 23
217616 5
217645 93
217658 6
217712 1
217837 97
217854 23
217933 90
217956 50
217971 24
218050 57
218093 11
218221 90
218256 32
218356 29
218368 97
218388 100
218399 42
218454 44
218583 74
218697 55
218762 70
218765 5
218765 64
218853 13
218868 71
218905 84
219236 64
219245 99
219262 2
219299 93
219346 39
219367 87
219372 27
219388 43
219389 45
219396 60
219403 7
219470 45
219540 70
219582 58
219679 42
219711 16
219727 74
219806 44
219812 81
219839 68
219888 71
219931 85
219939 16
219950 32
220072 75
220082 98
220137 39
220141 75
220145 86
220160 36
220211 54
220247 63
220281 66
220353 9
220357 74
220391 71
220408 52
220420 45
220440 64
220441 50
220450 65
220484 86
220725 88
220759 35
220760 52
220781 100
220837 61
220893 19
220918 57
220984 66
221000 99
221013 33
221062 59
221146 69
221148 1
221206 17
221242 37
221290 20
221290 78
221311 54
221361 73
221408 77
221443 94
221480 58
221599 10
221605 33
221622 46
221804 18
221870 88
222002 62
222203 37
222219 89
222266 37
222279 45
222299 41
222309 9
222416 93
222433 66
222487 84
222514 63
222537 35
222605 30
222609 49
222693 36
222861 97
222868 86
222958 74
223020 33
223082 54
223088 93
223089 53
223131 34
223249 54
223282 95
223307 47
223321 48
223402 23
223453 98
223458 86
223463 39
223482 83
223691 94
223710 25
223772 95
223774 49
223783 50
223802 86
223848 79
223953 93
223961 43
224029 84
224075 22
224141 23
224166 81
224216 28
224245 93
224338 80
224395 61
224494 69
224605 55
224621 39
224661 65
224662 22
224700 45
224721 73
224732 71
224770 25
224792 87
224845 6
224894 27
224912 82
224930 30
225011 55
225025 90
225033 39
225232 32
225395 46
225407 37
225489 13
225554 81
225555 26
225607 75
225613 94
225663 12
225687 78
225702 8
225744 57
225769 48
225864 78
225974 3
226036 68
226062 39
226132 3
226140 68
226178 47
226290 87
226324 87
226329 4
226341 1
226351 4
226434 46
226442 94
226452 7
226598 33
226624 54
226700 36
226748 33
226834 40
226842 71
226893 36
226916 34
226997 61
227084 91
227116 96
227169 10
227230 41
227281 39
227562 7
227656 29
227737 91
227778 29
227794 38
227861 88
228041 89
228045 26
228050 81
228094 76
228094 90
228100 9
228103 58
228227 58
228232 43
228417 66
228441 61
228465 78
228488 59
228602 4
228636 49
228647 99
228652 94
228663 12
228697 62
228742 70
228788 1
228822 33
228839 47
228845 14
228870 10
228926 29
228972 29
229072 25
229073 85
229309 15
229316 19
229324 52
229332 22
229398 13
229460 31
229460 99
229470 93
229531 13
229596 33
229631 58
229677 20
229767 90
229916 55
229919 40
229928 77
229931 73
229937 37
229956 59
229972 37
230057 56
230339 27
230340 20
230413 52
230438 83
230456 56
230518 49
230540 99
230727 32
230761 77
230783 36
230792 20
230828 26
230911 18
230945 48
230956 15
230967 82
231013 84
231020 1
231052 61
231059 19
231163 50
231190 48
231198 83
231264 31
231293 83
231390 78
231443 56
231503 47
231545 58
231607 63
231637 67
231698 95
231735 97
231755 70
231773 88
231865 72
231999 66
232011 34
232012 36
232069 57
232143 14
232249 84
232261 47
232313 88
232356 10
232393 40
232438 47
232616 93
232686 74
232770 68
232796 91
232884 50
233002 49
233027 70
233036 27
233037 52
233307 26
233314 87
233385 72
233407 39
233798 19
233798 68
233877 58
233931 41
233948 65
234053 68
234074 73
234306 17
234314 71
234334 41
234349 4
234360 36
234424 38
234469 93
234482 63
234574 82
234640 25
234761 93
234867 60
234969 13
235018 61
235033 88
235105 75
235109 58
235162 63
235169 45
235210 33
235255 95
235270 89
235332 69
235452 6
235470 78
235634 32
235679 19
235732 70
236124 17
236197 28
236251 44
236326 21
236343 45
236350 30
236450 98
236549 91
236620 15
236702 24
236920 23
236990 73
237017 87
237044 23
237071 51
237141 31
237237 45
237290 100
237379 55
237414 2
237523 94
237651 30
237662 94
237675 21
237740 42
237791 12
237900 12
237967 81
237994 33
237999 67
238177 87
238185 43
238211 34
238226 42
238392 100
238455 31
238495 35
238540 99
238573 59
238623 67
238645 53
238753 87
238908 82
238911 83
238919 9
238999 100
239060 21
239100 97
239139 32
239145 32
239172 37
239267 15
239268 85
239341 87
239387 52
239554 76
239622 74
239652 75
239758 45
239762 34
239767 98
239777 74
239828 1
239904 44
239937 78
240046 28
240065 40
240066 16
240127 89
240138 13
240165 76
240287 28
240313 72
240347 98
240418 30
240423 39
240473 29
240574 98
240659 99
240717 51
240720 62
240806 4
240937 23
240962 21
240990 29
240990 38
241020 72
241071 26
241226 27
241287 22
241313 9
241321 13
241383 90
241542 84
241581 94
241643 87
241661 19
241830 19
241882 89
241997 12
242002 55
242021 90
242089 88
242217 53
242274 77
242281 74
242333 59
242424 97
242518 94
242563 30
242698 83
242705 50
242776 35
242822 2
242913 93
242949 3
242956 30
243047 96
243069 41
243110 70
243247 96
243259 11
243274 78
243291 27
243587 76
243737 1
243803 34
243940 8
243979 2
244000 16
244114 28
244162 29
244167 78
244264 84
244334 46
244549 34
244605 10
244687 69
244699 76
244803 58
244951 13
244960 12
245015 75
245026 58
245041 47
245182 97
245212 26
245213 1
245331 37
245336 64
245387 67
245436 89
245442 49
245542 11
245569 89
245600 8
245612 11
245646 85
245744 69
245754 98
245849 11
245872 36
245889 81
245908 22
245925 31
245953 87
245955 41
246034 15
246038 19
246043 80
246068 54
246123 96
246164 43
246194 17
246303 6
246446 3
246503 57
246608 89
246611 78
246678 92
246707 80
246709 50
246846 51
246848 80
246863 64
246957 97
246999 57
247075 38
247095 100
247211 45
247256 83
247261 82
247342 11
247407 10
247453 95
247502 67
247530 57
247586 6
247653 42
247752 30
247916 36
247998 49
248007 74
248078 22
248082 73
248134 64
248203 90
248289 91
248311 15
248343 69
248528 81
248791 21
248826 26
248871 87
248903 79
248944 1
249197 58
249229 50
249292 56
249373 70
249419 23
249428 63
249431 69
249468 57
249524 50
249689 99
249697 39
249738 69
249785 23
249793 98
249803 20
249851 49
250032 3
250054 64
250127 43
250179 94
250209 95
250210 6
250212 3
250217 12
250225 68
250265 70
250373 47
250413 27
250431 10
250441 21
250535 47
250672 81
250718 1
250801 26
250837 34
250863 74
250868 95
250875 57
250931 37
250971 2
251024 76
251031 51
251031 92
251156 90
251164 8
251255 96
251315 87
251323 71
251335 12
251344 97
251393 27
251448 49
251454 5
251511 19
251569 6
251608 86
251617 76
251634 3
251867 22
251879 34
252005 34
252024 28
252099 5
252124 31
252138 78
252160 86
252180 79
252241 94
252268 57
252291 59
252293 6
252309 24
252325 1
252374 74
252386 66
252392 68
252516 30
252581 46
252618 58
252671 94
252694 100
252699 35
252736 4
252770 49
252852 16
252877 42
252972 81
253081 19
253116 24
253190 1
253218 86
253256 46
253268 27
253323 55
253334 47
253343 42
253354 69
253416 8
253477 48
253493 56
253634 43
253838 64
253857 1
253866 41
253879 100
254038 74
254096 42
254103 81
254180 64
254199 56
254271 96
254272 81
254314 33
254334 71
254353 78
254413 35
254485 36
254498 74
254533 33
254605 33
254664 71
254670 36
254687 24
254715 63
254719 22
254796 41
254931 60
254980 31
255007 61
255140 36
255158 47
255438 55
255464 50
255606 96
255701 18
255707 94
255714 49
255721 7
255730 67
255766 87
255807 18
255822 2
255841 97
255854 62
255907 21
255934 76
255973 14
255983 32
255989 15
256119 33
256138 31
256166 34
256169 18
256238 38
256270 41
256282 75
256380 3
256409 81
256448 16
256461 45
256565 32
256591 31
256635 99
256642 87
256694 76
256725 36
256740 79
256745 28
256802 98
256808 100
256835 8
256842 43
256890 90
256926 80
256931 65
256958 87
256983 40
257058 99
257104 65
257105 19
257168 61
257188 20
257239 21
257289 82
257414 27
257455 57
257468 49
257470 85
257477 69
257562 74
257589 13
257641 72
257658 42
257717 25
257731 62
257803 65
257814 95
257870 53
257986 96
258058 12
258072 71
258101 23
258106 43
258171 65
258275 82
258313 32
258447 3
258534 78
258919 68
258920 44
258925 92
258954 50
259019 32
259040 79
259043 71
259057 63
259119 27
259162 82
259196 85
259215 38
259321 81
259329 29
259365 32
259395 31
259419 40
259429 59
259431 40
259454 53
259473 61
259654 99
259658 96
259677 26
259721 73
259775 35
259886 77
259967 40
259987 31
260038 44
260048 56
260087 75
260131 52
260145 37
260302 8
260337 46
260430 11
260439 50
260442 71
260616 46
260620 51
260660 54
260673 80
260695 36
260740 31
260758 76
260831 71
260919 67
260986 70
261112 3
261161 71
261241 43
261320 46
261358 56
261522 42
261528 54
261539 45
261581 71
261603 31
261684 59
261786 72
261803 8
261854 37
261912 36
261930 41
261947 63
261966 65
261998 71
262082 45
262111 42
262132 53
262137 37
262199 35
262212 46
262408 80
262483 1
262523 55
262554 99
262580 47
262603 25
262630 1
262665 53
262755 97
262878 90
262894 52
262914 97
262973 9
262978 24
263017 21
263094 39
263100 94
263169 54
263234 77
263243 20
263356 45
263437 93
263445 24
263451 60
263534 2
263547 47
263552 17
263579 53
263604 39
263604 99
263852 99
263864 96
263890 67
263920 65
263928 39
263952 21
263966 30
263993 35
264161 84
264201 47
264243 87
264244 58
264248 34
264306 11
264311 6
264353 35
264457 24
264544 23
264611 6
264640 5
264819 85
264846 78
264866 58
264947 70
264990 38
265169 6
265190 35
265337 78
265353 83
265402 71
265423 44
265479 31
265515 52
265523 87
265607 74
265637 33
265649 10
265667 46
265723 92
265811 60
265832 54
265844 83
265897 71
265967 92
266023 98
266098 32
266161 50
266220 84
266230 26
266284 80
266379 74
266412 41
266503 60
266574 75
266620 5
266645 65
266651 37
266733 34
266758 52
266872 4
266912 13
266981 64
267034 5
267127 27
267132 66
267165 57
267375 65
267410 40
267426 76
267575 37
267587 12
267598 5
267620 95
267628 22
267716 66
267750 79
267759 78
267940 99
268057 88
268071 15
268137 54
268150 78
268175 51
268199 63
268263 71
268287 84
268331 34
268333 53
268370 69
268428 53
268441 10
268539 20
268545 44
268624 82
268625 12
268703 74
268769 69
268783 41
268792 34
268839 10
268848 72
269012 59
269049 85
269075 2
269176 90
269306 64
269324 72
269377 23
269379 5
269379 21
269382 96
269388 70
269417 75
269482 24
269534 43
269566 65
269652 69
269776 34
269788 94
269890 34
269910 51
269919 47
269967 52
269979 80
270072 18
270090 67
270091 9
270105 89
270131 61
270137 37
270186 1
270244 27
270303 62
270306 23
270523 92
270524 3
270559 34
270595 82
270659 99
270688 8
270710 91
270731 81
270757 37
270782 86
270819 75
270928 7
270988 17
271164 13
271172 40
271177 82
271250 75
271314 25
271330 94
271418 91
271429 77
271457 17
271513 95
271519 10
271527 26
271608 63
271614 83
271646 53
271679 30
271865 35
271865 37
271885 37
271939 19
271952 53
271977 2
271992 85
272031 36
272102 92
272229 53
272254 11
272278 4
272281 83
272388 77
272615 4
272651 10
272686 33
272688 25
272854 90
272932 49
272943 45
273007 53
273156 35
273160 5
273222 56
273244 46
273260 11
273280 93
273397 20
273412 14
273452 30
273558 96
273605 52
273687 79
273696 9
273723 12
273782 13
273868 64
273923 31
273928 65
273976 32
274037 43
274045 87
274046 58
274047 79
274190 80
274245 11
274261 14
274299 100
274393 29
274406 41
274465 59
274472 46
274488 86
274570 29
274587 99
274756 31
274781 93
274878 59
274915 9
274952 7
274952 70
275061 57
275070 80
275086 20
275104 2
275133 4
275190 44
275218 18
275251 25
275267 20
275338 28
275346 31
275363 5
275415 90
275421 84
275586 97
275646 87
275726 36
275744 58
275837 49
275919 95
276017 1
276037 69
276122 72
276129 36
276194 72
276254 58
276311 33
276329 66
276603 72
276705 68
276765 78
276768 80
276775 29
276833 3
276864 25
277065 61
277162 77
277194 95
277199 55
277265 95
277289 11
277295 80
277317 29
277372 19
277454 98
277475 61
277541 94
277543 40
277592 86
277603 48
277645 33
277654 93
277668 42
277727 22
277751 44
277760 8
277766 61
278065 34
278147 67
278164 69
278232 14
278246 69
278369 14
278388 40
278413 26
278448 36
278613 33
278667 16
278683 62
278683 70
278690 7
278706 50
278759 72
278859 61
278870 82
278871 39
278930 56
278996 89
279025 77
279181 65
279189 22
279203 53
279301 13
279318 40
279363 21
279449 94
279556 31
279569 77
279584 16
279623 18
279650 91
279668 14
279680 38
279693 54
279771 24
279832 52
279970 30
279991 38
280010 42
280069 95
280083 93
280110 75
280204 84
280252 29
280323 57
280330 36
280363 1
280375 60
280423 88
280444 34
280579 82
280601 15
280650 42
280682 64
280686 74
280720 70
280774 19
280788 8
280803 36
280821 9
280879 41
281027 24
281074 19
281093 79
281163 99
281279 45
281341 74
281424 33
281451 65
281550 22
281556 10
281723 73
281767 70
281791 24
281810 28
281819 68
281879 48
281900 45
281914 68
281943 69
281961 75
282025 65
282049 34
282059 75
282209 69
282273 66
282339 93
282429 41
282460 50
282549 67
282563 49
282606 36
282661 97
282700 81
282721 15
282751 4
282754 46
282773 1
282793 80
282800 39
283052 53
283055 81
283194 94
283224 41
283226 93
283262 40
283271 21
283288 64
283317 77
283419 69
283426 86
283427 56
283480 87
283521 84
283540 79
283756 54
283787 31
283815 15
283826 98
283849 27
283937 26
283941 56
283964 10
283964 50
284146 41
284155 39
284243 84
284251 33
284259 33
284267 57
284317 21
284413 44
284485 20
284593 72
284642 1
284742 27
284849 34
285063 32
285093 41
285121 89
285126 31
285210 28
285220 19
285229 87
285234 10
285339 18
285373 30
285429 55
285466 12
285519 71
285542 69
285556 1
285670 25
285696 38
285743 73
285759 32
285814 19
285851 32
285869 1
285952 95
285964 6
285973 75
286014 7
286048 32
286096 80
286103 89
286226 31
286312 50
286334 63
286376 96
286435 1
286541 9
286739 13
286800 59
286800 77
286865 2
286901 100
286958 40
286987 15
287098 41
287121 18
287138 70
287141 28
287260 70
287591 21
287611 85
287625 36
287673 39
287726 48
287743 1
287853 60
287937 21
287984 47
287999 68
288034 41
288039 53
288040 15
288061 57
288130 43
288177 69
288353 3
288357 69
288376 43
288442 46
288495 85
288509 19
288515 88
288671 94
288692 94
288706 74
288713 52
288776 40
288788 50
288811 51
288929 35
288976 13
289060 94
289078 14
289160 40
289175 20
289191 63
289194 20
289226 47
289256 8
289265 77
289393 44
289463 68
289553 33
289646 37
289679 76
289739 32
289756 93
289786 100
289905 14
290024 32
290064 38
290112 76
290187 71
290198 74
290219 50
290266 46
290312 29
290334 55
290345 18
290393 34
290398 21
290484 60
290508 11
290509 37
290548 38
290652 26
290681 58
290703 76
290905 78
290933 13
291015 8
291038 72
291042 44
291051 16
291069 67
291099 87
291201 22
291267 92
291371 74
291388 8
291418 55
291474 5
291582 11
291601 68
291613 58
291702 83
291713 5
291715 50
291720 100
291723 36
291741 19
291866 74
291988 56
292009 98
292091 2
292185 83
292205 61
292233 95
292302 67
292377 39
292391 87
292445 10
292497 93
292524 42
292550 43
292571 16
292708 97
292802 28
292819 36
292822 14
292822 15
292857 6
292875 15
292926 1
292967 34
292971 25
292972 70
292992 76
293016 14
293088 39
293134 84
293206 42
293344 36
293445 9
293451 45
293493 91
293705 74
293793 38
293898 12
293936 60
293941 70
293947 75
293955 38
293956 64
294051 52
294128 75
294276 13
294330 99
294351 82
294357 19
294406 56
294448 17
294461 79
294513 22
294541 16
294663 47
294666 73
294716 88
294717 28
294725 62
294768 39
294804 94
294817 58
294881 4
294889 51
295172 35
295176 62
295202 41
295250 9
295261 10
295305 64
295315 21
295353 11
295362 93
295402 98
295521 68
295532 79
295622 46
295670 31
295866 49
295906 26
295909 8
295929 8
295946 77
296000 14
296037 18
296050 81
296149 31
296265 83
296335 25
296356 88
296379 6
296422 37
296485 83
296589 2
296693 98
296781 47
296788 19
296802 93
296889 86
296901 36
297027 15
297118 9
297262 40
297280 24
297377 97
297403 20
297482 99
297707 79
297811 8
297811 85
297924 52
298083 43
298087 69
298130 29
298171 44
298210 6
298321 25
298359 76
298429 33
298577 38
298689 24
298740 22
298746 3
298771 56
298826 79
298892 18
298919 16
298926 5
299138 54
299159 86
299298 33
299330 40
299408 78
299429 65
299431 12
299548 86
299586 35
299600 42
299640 64
299690 71
299706 82
299708 45
299722 96
299842 39
299881 89
299916 10
299972 50
300012 33
300038 24
300066 98
300078 63
300372 49
300391 42
300414 10
300436 95
300527 28
300563 29
300707 11
300718 62
300749 33
300810 9
300811 76
300864 14
300933 14
300987 72
301165 62
301226 14
301303 2
301462 2
301486 97
301526 44
301608 26
301672 64
301681 82
301703 11
301709 77
301745 7
301750 13
301810 9
301841 39
301900 40
301911 66
301942 13
301982 52
302104 27
302154 88
302158 62
302175 52
302285 63
302396 24
302435 56
302458 14
302483 38
302489 70
302541 23
302566 20
302580 78
302710 72
302713 8
302725 65
302738 57
302805 20
302858 46
302876 94
302897 90
302903 83
302922 10
302962 4
303073 20
303319 92
303423 47
303446 67
303554 22
303573 88
303594 32
303657 6
303707 3
303734 36
303767 3
303813 11
303852 42
303855 23
303919 34
304007 33
304037 23
304070 42
304117 32
304179 20
304367 37
304404 97
304489 21
304532 22
304540 5
304612 72
304827 47
304882 31
304904 53
304949 17
304954 46
304957 97
304962 7
305075 82
305080 97
305129 87
305198 12
305248 47
305302 95
305432 56
305632 82
305653 6
305692 10
305733 68
305749 46
305755 9
305815 59
305816 7
305824 50
305862 82
305935 73
305945 30
305955 90
305983 81
306054 32
306100 10
306114 71
306136 90
306137 68
306175 79
306189 27
306325 58
306470 85
306506 83
306622 71
306693 9
306855 25
306861 51
306884 84
306940 50
306950 79
307042 14
307152 82
307231 58
307367 77
307418 32
307418 76
307439 64
307475 41
307514 45
307593 9
307599 52
307658 68
307667 60
307760 75
307763 56
307775 6
307785 7
307838 92
307969 54
307978 44
308006 74
308031 82
308107 1
308123 59
308378 53
308414 39
308487 14
308488 29
308601 80
308659 49
308767 60
308891 99
308909 49
308924 19
308945 90
309008 80
309016 87
309105 4
309210 74
309215 75
309300 22
309305 93
309331 69
309430 19
309445 46
309465 46
309637 23
309672 98
309766 12
309784 89
309820 53
309899 16
309962 90
309987 32
310016 28
310036 5
310067 62
310140 58
310173 79
310189 11
310204 13
310263 84
310278 18
310346 24
310422 65
310432 86
310443 56
310456 43
310500 98
310601 77
310674 43
310746 2
310797 52
310970 39
310985 54
311040 51
311116 27
311136 6
311211 32
311226 5
311320 54
311325 68
311425 91
311441 33
311484 8
311495 59
311602 3
311641 30
311730 36
311742 87
311828 20
311831 20
311889 55
312000 20
312014 96
312091 69
312152 15
312155 55
312297 15
312323 71
312348 90
312361 79
312466 26
312602 43
312653 30
312702 70
312794 84
312809 63
312876 89
312905 53
312906 87
312938 77
312944 41
313025 94
313032 24
313119 86
313274 29
313275 6
313277 96
313320 92
313352 12
313448 38
313604 69
313698 72
313704 29
313715 12
313747 97
313774 31
313794 61
313816 13
313822 86
313829 95
313908 100
314117 22
314164 73
314213 75
314272 84
314301 52
314344 99
314350 37
314364 54
314391 98
314473 80
314521 2
314533 77
314596 66
314610 91
314690 71
314692 46
314704 4
314754 76
314789 20
314828 71
314894 83
314953 90
314968 38
314990 62
314994 81
315013 80
315054 100
315130 95
315194 78
315255 80
315410 23
315425 49
315438 43
315533 69
315561 54
315564 37
315619 96
315648 54
315739 24
315821 72
315840 33
315870 77
315913 90
315917 39
315938 47
316011 81
316124 72
316258 21
316291 33
316304 66
316344 83
316353 94
316377 36
316404 14
316459 65
316468 61
316485 10
316493 80
316620 85
316626 34
316680 69
316697 32
316814 80
316840 60
316888 53
316904 36
317013 32
317025 57
317034 85
317061 14
317130 91
317184 73
317192 57
317226 61
317250 18
317301 95
317437 21
317485 77
317524 66
317671 78
317687 53
317715 100
317790 73
317825 74
317925 95
317945 53
317974 71
317987 46
318005 40
318020 11
318053 11
318053 28
318090 18
318187 67
318194 2
318224 59
318268 14
318431 16
318445 73
318475 31
318499 54
318528 76
318558 32
318568 10
318596 77
318648 78
318664 57
318682 40
318683 6
318688 19
318761 26
318796 78
318799 42
318827 14
318856 74
318919 41
319031 86
319090 87
319111 98
319229 74
319398 12
319480 57
319483 85
319677 10
319690 20
319732 8
319742 53
319747 50
319770 42
319781 74
319813 29
319834 56
319892 85
319902 77
319907 96
320082 92
320089 3
320118 77
320151 79
320163 67
320165 30
320173 44
320282 54
320288 5
320328 29
320420 87
320462 99
320511 26
320534 72
320556 53
320570 20
320587 28
320645 33
320654 94
320666 3
320689 75
320718 71
320788 70
320832 84
320853 57
320864 85
320902 57
320909 47
321013 23
321096 10
321142 44
321173 27
321203 38
321214 66
321222 97
321247 54
321249 97
321260 92
321261 93
321348 27
321418 28
321430 89
321469 32
321481 40
321483 46
321856 19
321863 81
321960 78
322048 44
322098 51
322100 50
322121 97
322194 24
322287 17
322386 58
322407 41
322446 59
322795 35
322800 89
322841 62
322847 32
322937 21
323016 37
323153 91
323177 54
323186 12
323195 27
323237 91
323252 78
323382 97
323487 15
323613 72
323644 52
323758 93
323817 66
323835 62
323868 60
323956 67
323960 49
323964 84
324040 25
324090 18
324197 62
324284 73
324295 50
324306 19
324350 71
324411 27
324412 39
324488 86
324591 63
324626 96
324636 79
324645 65
324716 51
324864 84
324875 18
324962 37
325095 95
325103 55
325138 24
325185 28
325222 99
325243 53
325260 87
325283 37
325366 37
325389 75
325683 36
325827 40
325850 66
325895 33
326071 31
326101 85
326112 67
326466 75
326470 81
326513 1
326615 88
326642 74
326650 51
326845 67
326850 26
326885 11
326931 80
326962 50
327027 57
327068 26
327082 44
327083 28
327087 37
327143 91
327201 19
327303 7
327327 77
327456 22
327464 9
327472 13
327527 20
327548 71
327566 15
327639 67
327650 46
327675 62
327679 38
327750 51
327906 50
327961 99
327979 97
328003 40
328006 48
328095 13
328102 96
328105 32
328115 21
328235 99
328244 5
328267 64
328300 59
328303 61
328305 9
328435 65
328472 31
328530 26
328579 16
328632 88
328649 26
328927 3
329082 40
329125 7
329160 29
329235 14
329344 26
329404 50
329447 14
329569 39
329640 36
329647 42
329654 1
329762 32
329792 27
329843 46
329917 39
330218 47
330281 18
330303 2
330335 59
330368 86
330402 21
330478 34
330513 23
330647 29
330649 86
330655 35
330662 74
330722 86
330732 5
330769 73
330789 26
330814 58
330829 77
330848 95
330854 61
330899 84
331030 60
331168 59
331172 80
331183 34
331213 86
331412 41
331521 87
331651 85
331663 39
331672 76
331691 24
331764 98
331784 19
331829 20
331951 34
331968 91
332053 92
332153 12
332327 6
332377 61
332473 71
332521 97
332817 44
332836 71
332857 6
332997 53
333011 72
333014 71
333034 34
333227 17
333263 11
333284 5
333397 26
333456 96
333547 76
333598 8
333686 64
333690 26
333693 63
333740 97
333797 26
333869 76
333968 93
333997 30
334009 52
334063 73
334273 47
334315 99
334381 92
334407 54
334432 26
334468 78
334469 27
334480 55
334500 91
334566 46
334571 92
334577 90
334631 94
334698 99
334828 69
334835 52
334852 34
334982 31
335091 39
335208 65
335308 40
335348 63
335458 60
335718 52
335752 52
335764 22
335812 19
335819 9
335840 31
335885 52
335910 55
335912 57
335950 18
336083 51
336085 5
336131 45
336182 49
336216 87
336267 68
336305 9
336317 31
336318 88
336388 86
336419 17
336437 85
336451 93
336462 62
336491 85
336523 61
336547 29
336603 81
336626 40
336673 57
336702 29
336713 67
336805 3
336946 6
337046 54
337079 62
337110 24
337148 6
337163 76
337368 32
337376 78
337448 92
337455 2
337493 57
337539 78
337544 4
337592 46
337657 43
337823 1
337871 78
337928 74
337987 71
338175 24
338215 25
338245 14
338296 9
338383 17
338390 21
338412 66
338439 50
338463 97
338475 27
338477 94
338497 55
338547 100
338561 5
338638 95
338674 71
338704 24
338769 9
338951 30
338974 57
338989 52
339054 63
339094 25
339232 15
339240 6
339258 91
339371 71
339433 2
339472 82
339525 12
339609 14
339656 80
339660 64
339693 50
339785 63
339802 13
339863 56
339870 61
339906 3
340050 56
340191 14
340220 46
340312 74
340408 8
340488 9
340512 97
340540 95
340623 10
340626 26
340686 63
340743 45
340800 9
340814 69
340818 46
340900 4
340963 37
341162 12
341181 55
341210 26
341238 92
341244 10
341440 86
341536 31
341564 65
341714 29
341776 30
341825 97
341828 87
341834 89
341890 48
341910 19
341942 60
342021 31
342061 91
342081 36
342328 56
342399 37
342426 88
342429 24
342453 73
342461 38
342498 32
342524 48
342534 33
342556 78
342608 74
342677 43
342702 100
342710 50
342715 37
342743 13
342751 70
342774 44
342780 90
342853 66
342928 81
342951 72
342962 59
343003 61
343161 15
343172 77
343202 81
343225 76
343305 2
343383 63
343471 54
343481 50
343555 32
343578 90
343582 76
343652 50
343663 93
343736 46
343791 5
343826 64
343938 79
344068 89
344069 6
344192 18
344195 59
344361 17
344428 41
344446 90
344535 10
344582 30
344595 16
344596 65
344747 46
344802 2
344802 24
344805 21
344903 67
344905 15
345018 53
345021 18
345084 6
345159 86
345186 48
345204 69
345240 14
345242 87
345285 73
345287 18
345295 100
345441 36
345482 78
345483 73
345643 85
345719 99
345721 26
345838 38
345842 95
345917 31
346066 20
346074 57
346091 48
346120 12
346154 8
346238 1
346266 34
346272 85
346274 6
346322 97
346409 79
346429 13
346532 54
346556 16
346565 70
346573 36
346578 33
346595 26
346736 89
346813 35
346856 82
346897 79
346957 76
347128 25
347245 30
347298 34
347319 68
347375 72
347469 16
347534 74
347550 32
347579 83
347582 16
347651 43
347685 50
347726 38
347788 16
347801 55
347838 55
347859 90
347861 42
348123 7
348240 5
348244 39
348276 39
348308 67
348346 15
348422 7
348438 3
348522 88
348524 86
348544 18
348544 87
348549 85
348583 69
348613 30
348618 95
348694 91
348713 6
348806 58
348866 44
348901 59
348929 87
348949 40
348988 69
349095 52
349145 89
349184 13
349214 29
349245 42
349271 23
349294 91
349349 33
349352 41
349429 29
349438 72
349441 37
349453 80
349481 4
349491 5
349610 1
349635 15
349707 75
349728 38
349767 37
349784 10
349789 60
349905 27
349982 32
350090 16
350096 71
350118 28
350127 72
350276 44
350303 3
350363 3
350474 45
350482 9
350502 46
350506 35
350516 58
350590 36
350639 74
350642 47
350722 78
350887 16
350944 54
351041 74
351047 75
351050 83
351136 66
351153 50
351252 62
351280 69
351375 27
351428 94
351530 26
351574 82
351645 76
351647 74
351846 23
351909 27
351965 75
352032 52
352060 55
352080 62
352090 47
352147 43
352174 49
352194 33
352357 3
352357 70
352371 77
352382 60
352402 17
352443 69
352510 91
352559 96
352602 45
352622 91
352852 19
352891 64
352899 87
352900 3
352966 62
353129 79
353156 15
353184 81
353188 47
353323 1
353364 37
353385 31
353390 86
353407 12
353407 83
353424 17
353467 35
353532 94
353605 91
353671 28
353855 39
353874 17
353886 31
353888 60
353945 66
353957 15
353959 76
353973 39
354003 92
354091 12
354155 45
354161 59
354179 46
354438 63
354448 1
354647 51
354706 60
354719 47
354746 53
354803 60
354846 61
354928 34
354984 10
354990 19
355061 7
355071 93
355084 81
355092 94
355111 47
355154 17
355181 46
355199 51
355228 25
355327 36
355337 82
355342 83
355363 21
355396 93
355485 12
355491 59
355494 67
355525 44
355632 17
355652 27
355662 32
355681 77
355725 100
355728 36
355761 75
355783 49
355933 55
355981 32
356098 100
356109 46
356238 26
356321 53
356330 40
356472 90
356491 49
356590 99
356671 80
356693 29
356721 35
356842 76
356861 68
356896 29
356918 39
356953 5
356974 58
357036 77
357049 59
357078 44
357172 43
357199 28
357255 10
357343 75
357513 39
357604 10
357629 42
357666 91
357702 72
357754 89
357763 49
357785 8
357818 26
357871 12
357893 55
358007 23
358040 22
358061 17
358180 32
358339 26
358476 86
358483 46
358501 4
358532 80
358765 49
358787 100
358830 35
358959 75
358961 81
358992 76
359012 16
359012 30
359059 44
359093 49
359199 2
359229 11
359237 17
359305 29
359356 55
359404 24
359419 78
359465 6
359477 49
359543 76
359661 24
359680 24
359756 85
359790 7
359792 8
359816 42
359854 19
359887 100
359932 45
359936 19
359995 84
360041 88
360060 35
360070 13
360071 91
360081 43
360129 38
360153 74
360171 87
360175 88
360179 55
360260 63
360270 2
360276 79
360350 100
360363 99
360402 28
360527 76
360536 69
360579 60
360596 7
360596 84
360626 79
360636 36
360650 18
360650 84
360786 12
360831 22
360879 4
360904 87
361042 75
361061 73
361085 52
361086 27
361113 43
361146 54
361255 74
361257 14
361274 1
361323 63
361457 70
361474 90
361552 73
361603 54
361604 31
361646 14
361647 55
361733 70
361744 70
361798 71
361832 11
361874 42
361890 1
361902 54
361928 69
361982 44
362041 43
362047 3
362047 48
362105 83
362129 27
362176 28
362185 22
362198 98
362296 81
362316 12
362317 91
362322 10
362354 11
362389 54
362409 78
362448 78
362513 15
362521 79
362531 33
362566 11
362590 85
362627 52
362677 20
362813 41
362831 42
362854 67
362904 64
362942 24
363005 4
363005 22
363016 95
363026 96
363037 25
363049 59
363069 60
363128 16
363136 89
363152 12
363208 81
363236 19
363352 88
363420 82
363472 32
363479 66
363524 48
363526 8
363526 80
363578 28
363719 25
363767 78
363903 70
363912 61
363948 2
363952 75
363971 75
364017 60
364061 73
364167 72
364253 85
364313 78
364331 72
364358 17
364390 85
364410 83
364433 94
364495 64
364561 77
364598 2
364671 34
364781 24
364817 15
364845 77
364878 100
364944 90
364994 21
365116 59
365144 91
365178 29
365243 36
365286 91
365311 58
365366 5
365387 40
365396 77
365436 98
365488 22
365651 14
365752 31
365790 25
365833 48
365927 33
365983 49
366018 9
366046 14
366050 77
366068 95
366135 14
366142 60
366171 69
366345 6
366381 70
366385 2
366386 42
366428 67
366466 67
366493 55
366519 53
366572 62
366614 68
366663 85
366713 15
366715 86
366741 28
366759 80
366804 53
366918 1
366956 81
366961 61
366969 54
366973 93
366991 46
367029 47
367093 96
367103 12
367235 24
367264 82
367390 1
367427 13
367443 35
367464 24
367495 19
367508 95
367566 2
367566 84
367717 27
367984 8
367992 96
368008 67
368074 23
368075 83
368284 13
368297 49
368306 61
368311 31
368374 80
368413 53
368467 62
368500 12
368530 12
368559 83
368703 15
368779 30
368783 76
368792 95
368804 69
369001 89
369034 55
369059 67
369063 65
369077 47
369113 24
369161 27
369193 84
369223 19
369260 47
369266 12
369289 43
369397 88
369401 72
369508 84
369513 89
369610 18
369678 76
369714 48
369806 38
369924 64
369931 89
370189 47
370206 19
370275 92
370317 32
370325 63
370354 35
370374 17
370379 43
370384 71
370578 31
370609 99
370637 2
370692 50
370725 83
370749 3
370838 54
370889 68
370910 15
370917 77
370924 54
370928 40
370942 27
371046 54
371048 72
371052 14
371057 20
371094 91
371161 93
371180 23
371201 59
371230 98
371311 46
371319 94
371325 17
371369 78
371391 10
371486 56
371513 58
371626 68
371629 59
371629 99
371640 24
371668 8
371707 41
371764 43
371774 30
371790 66
371799 59
371909 26
371932 33
371957 96
371981 53
372010 45
372021 69
372145 79
372256 71
372359 47
372392 82
372433 38
372780 78
372795 7
372849 78
372850 85
372879 87
373043 38
373131 52
373151 47
373183 46
373184 99
373194 32
373219 94
373358 4
373423 59
373433 83
373442 86
373488 46
373515 68
373543 17
373545 77
373582 49
373593 77
373641 81
373673 76
373813 87
373889 70
373929 62
373964 31
374040 25
374046 2
374077 61
374117 45
374147 82
374261 49
374288 38
374347 35
374361 86
374399 68
374430 46
374495 70
374512 9
374528 71
374594 5
374605 1
374640 84
374660 42
374696 61
374704 35
374765 48
374907 73
374913 19
375044 90
375053 46
375221 33
375243 34
375428 31
375438 93
375552 34
375605 20
375764 70
375771 29
375778 73
375786 38
375819 89
375903 38
375955 71
375967 73
375984 76
375996 41
376077 88
376104 36
376127 8
376131 89
376143 69
376150 66
376207 85
376228 56
376320 23
376407 16
376542 11
376630 33
376652 57
376689 49
376713 52
376843 9
376847 13
376879 54
376909 18
376920 24
376978 24
377043 40
377130 73
377199 16
377236 54
377271 21
377410 44
377467 59
377664 30
377686 82
377753 43
377837 86
377840 88
377919 37
377925 44
377990 83
378112 44
378150 3
378163 94
378225 98
378235 65
378246 66
378365 20
378380 2
378416 82
378442 18
378475 23
378534 33
378567 92
378604 66
378637 3
378711 53
378723 59
378820 83
378837 50
378857 77
378980 43
379036 20
379053 88
379198 77
379198 79
379286 17
379296 56
379346 63
379442 57
379487 26
379497 34
379512 12
379521 92
379611 60
379625 78
379676 47
379689 97
379796 71
379811 71
379950 34
379976 57
380120 53
380240 80
380296 51
380336 35
380446 49
380461 41
380484 14
380523 92
380613 23
380618 10
380661 75
380681 68
380707 33
380710 64
380721 76
380810 61
380835 7
380855 94
380874 29
380902 36
380929 77
380934 90
380942 16
381059 13
381082 88
381100 64
381145 96
381181 6
381191 60
381195 99
381252 89
381283 8
381301 94
381306 56
381444 66
381513 78
381620 53
381626 92
381646 65
381693 21
381946 54
382030 85
382042 62
382045 16
382122 29
382141 32
382169 46
382221 18
382288 73
382317 33
382370 31
382389 30
382467 59
382552 61
382679 100
382715 81
382786 42
382805 53
382809 55
382847 17
382966 45
382982 98
383057 28
383129 9
383154 50
383358 64
383360 42
383432 13
383453 8
383558 71
383594 96
383611 55
383687 17
383724 10
383833 77
383850 11
383854 62
383912 26
384095 100
384131 41
384163 55
384198 72
384205 96
384342 90
384468 70
384469 60
384470 4
384506 80
384542 58
384562 100
384576 66
384627 6
384628 37
384672 58
384673 51
384698 20
384714 4
384789 25
384921 91
384924 73
384940 27
385018 50
385080 86
385092 69
385110 12
385224 25
385321 37
385338 5
385411 5
385427 71
385514 69
385531 20
385600 35
385660 34
385820 74
385917 82
386046 43
386053 89
386064 65
386088 43
386096 48
386165 78
386252 81
386396 9
386405 27
386433 70
386508 73
386514 14
386637 93
386693 58
386715 11
386766 41
387219 97
387281 55
387333 35
387361 55
387386 62
387431 75
387473 80
387484 65
387518 29
387544 79
387553 27
387570 43
387755 70
387974 63
388136 64
388153 79
388154 63
388157 61
388215 36
388252 45
388304 75
388308 10
388330 85
388376 76
388410 69
388530 24
388591 53
388596 72
388706 87
388773 30
388808 9
388845 30
388880 75
388898 40
388920 72
388935 25
388993 43
389019 61
389027 55
389036 14
389190 14
389268 1
389368 89
389370 54
389484 72
389516 33
389540 4
389620 71
389660 2
389699 2
389714 37
389736 26
389767 96
389774 54
389933 33
390007 28
390095 71
390139 52
390147 37
390164 46
390191 4
390206 43
390228 18
390233 33
390431 38
390470 95
390486 69
390529 95
390560 100
390673 26
390712 12
390735 13
390847 31
390924 45
391006 22
391164 95
391173 68
391252 38
391264 57
391278 80
391283 63
391295 85
391326 75
391336 87
391506 11
391598 87
391619 23
391634 60
391672 39
391684 38
391713 72
391727 53
391760 54
391780 66
392121 67
392207 29
392261 65
392272 77
392446 14
392788 23
392883 29
392955 74
392963 35
393017 74
393030 6
393037 61
393222 1
393313 54
393350 45
393366 41
393460 70
393470 27
393479 92
393481 64
393508 12
393547 28
393548 88
393575 71
393639 9
393731 33
393759 18
393793 27
393800 47
393870 79
394037 21
394112 60
394201 74
394323 22
394323 51
394527 67
394540 72
394547 61
394558 90
394583 88
394593 57
394609 38
394649 87
394664 6
394670 61
394753 50
394792 27
394813 5
394814 70
394854 8
394884 29
394895 38
394922 71
394990 74
395011 19
395034 60
395190 47
395195 61
395201 39
395219 49
395226 22
395319 3
395348 32
395384 4
395406 18
395418 37
395508 80
395512 98
395565 88
395629 89
395680 75
395704 73
395743 15
395745 9
395802 39
395937 33
395951 91
395977 63
396111 16
396259 97
396307 81
396410 65
396415 28
396432 4
396446 76
396458 35
396468 83
396486 10
396657 66
396664 29
396671 34
396756 33
396785 18
396840 100
396928 21
396974 48
397050 94
397054 8
397176 84
397180 64
397256 13
397377 10
397401 84
397409 4
397417 94
397462 65
397477 79
397575 59
397632 28
397698 96
397721 45
397766 62
397784 33
397799 14
397822 61
398010 27
398016 55
398061 57
398087 63
398152 33
398155 59
398195 65
398200 31
398219 70
398236 95
398317 69
398335 39
398360 81
398655 19
398685 93
398740 98
398816 52
398851 13
398878 56
398896 51
398966 93
398983 27
398986 22
399280 96
399307 40
399375 25
399386 91
399394 94
399447 94
399474 46
399486 61
399488 37
399495 36
399510 21
399542 94
399596 22
399607 35
399874 78
400027 37
400255 7
400292 16
400308 40
400319 35
400494 14
400521 26
400534 63
400726 17
400744 86
400753 2
400964 98
401080 47
401256 94
401292 14
401439 69
401568 97
401629 56
401638 22
401652 75
401743 22
401747 35
401813 83
401830 70
401977 60
401982 38
402001 40
402008 2
402088 74
402131 68
402239 33
402273 46
402317 81
402331 25
402350 12
402511 80
402518 62
402544 78
402659 66
402730 30
402803 84
402891 5
402996 77
403097 89
403191 75
403192 41
403197 86
403310 78
403365 69
403437 3
403458 73
403484 14
403528 99
403555 56
403601 23
403807 16
403858 59
403900 14
404063 81
404151 77
404156 80
404216 88
404218 40
404234 76
404251 25
404265 76
404294 42
404316 42
404339 30
404401 43
404411 16
404429 13
404437 18
404497 4
404569 10
404596 81
404726 44
404742 31
404831 72
404871 63
404898 64
404941 90
405014 20
405028 46
405046 21
405063 95
405104 4
405114 9
405130 38
405245 68
405245 85
405255 60
405339 73
405385 84
405561 1
405690 60
405706 67
405752 54
405756 42
405867 2
406014 75
406186 47
406207 42
406245 97
406280 93
406291 94
406370 80
406409 49
406409 94
406417 62
406433 33
406460 30
406465 65
406526 88
406580 93
406742 25
406817 41
406914 12
407113 60
407145 39
407191 63
407235 88
407260 37
407300 42
407371 50
407388 20
407397 32
407445 57
407548 95
407584 42
407618 3
407666 79
407678 22
407702 2
407765 6
407915 4
407947 14
407949 24
407980 11
407995 36
408035 17
408041 90
408145 52
408152 99
408164 28
408197 80
408312 65
408322 42
408370 72
408381 26
408476 78
408526 56
408554 22
408731 38
408758 40
408808 76
408826 33
409109 97
409256 69
409325 57
409362 18
409368 31
409438 57
409530 73
409697 97
409701 7
409706 81
409708 33
409718 49
409758 82
409891 57
409940 19
410037 3
410048 32
410058 50
410262 95
410267 15
410271 59
410296 6
410356 35
410372 72
410492 7
410500 99
410523 79
410603 29
410637 41
410667 58
410679 66
410683 32
410690 40
410727 15
410740 75
410952 96
411035 60
411077 83
411112 76
411243 16
411292 70
411312 20
411347 92
411351 17
411358 36
411389 56
411515 6
411527 93
411528 29
411565 34
411585 9
411735 27
411778 45
411789 90
411822 22
411953 28
411981 52
411984 82
412164 36
412246 86
412254 78
412329 60
412331 58
412355 70
412404 56
412428 84
412433 93
412453 88
412490 17
412543 85
412563 57
412580 80
412593 94
412644 6
412699 46
412784 57
412823 64
412867 93
412875 29
412920 52
412945 75
412994 48
412996 76
413013 39
413105 78
413114 25
413240 92
413339 53
413402 5
413409 92
413410 86
413422 6
413422 32
413436 62
413469 63
413557 70
413567 92
413619 62
413735 56
413759 20
413853 1
413921 55
413939 55
413975 74
413976 52
413980 67
413990 71
414020 60
414099 48
414169 57
414209 42
414260 46
414264 30
414274 6
414427 90
414452 62
414518 14
414520 40
414592 39
414601 27
414788 56
414846 48
414857 95
414865 2
414920 40
414928 20
414986 99
415011 81
415052 95
415109 91
415341 89
415434 34
415434 75
415506 40
415574 90
415609 76
415660 37
415693 58
415694 48
415705 49
415749 92
415809 44
415815 67
415835 69
416016 12
416018 41
416030 42
416208 49
416249 46
416287 23
416310 74
416381 93
416416 52
416435 61
416453 39
416476 7
416528 36
416596 16
416677 31
416704 41
416729 57
416748 62
416759 65
416784 87
416814 1
416888 10
416895 80
417013 79
417091 53
417158 76
417244 85
417280 51
417303 51
417390 22
417466 35
417470 1
417481 27
417490 16
417627 25
417642 95
417684 27
417744 7
417769 58
417899 19
417945 53
417959 65
417982 63
418077 92
418081 10
418150 5
418155 46
418247 84
418369 92
418473 25
418501 7
418534 33
418611 79
418642 26
418728 38
418755 73
418809 88
418959 94
419042 74
419046 20
419050 66
419075 9
419075 22
419096 14
419166 97
419218 93
419220 63
419292 50
419362 71
419420 96
419430 91
419473 21
419476 28
419508 62
419511 65
419564 61
419598 71
419653 76
419666 18
419669 96
419718 68
419838 98
419859 30
419895 4
419914 67
419942 72
419968 82
420023 50
420033 94
420172 79
420217 98
420279 82
420318 49
420328 22
420346 5
420363 29
420427 33
420471 96
420475 4
420524 73
420569 31
420683 88
420688 22
420704 18
420709 71
420763 30
420765 50
420773 28
420931 91
420965 34
420995 100
421033 66
421040 80
421089 67
421095 84
421113 66
421138 63
421260 49
421283 25
421338 71
421380 12
421398 15
421640 93
421656 8
421689 73
421691 6
421706 79
421758 2
421789 50
421807 70
421863 28
421888 69
421933 61
421972 91
421989 48
421999 55
422059 21
422179 31
422224 25
422319 46
422320 87
422394 70
422406 90
422428 54
422471 20
422489 49
422609 10
422736 22
422874 90
422927 52
422953 85
422974 51
423066 81
423129 51
423185 89
423221 12
423290 95
423359 49
423506 4
423527 41
423556 54
423574 62
423575 94
423710 46
423752 12
423775 55
423889 99
423898 10
423949 26
423974 30
424013 10
424052 56
424073 65
424111 4
424212 30
424231 36
424237 19
424270 94
424416 95
424555 73
424566 6
424631 89
424649 65
424707 79
424727 78
424763 8
424776 65
424845 73
424849 7
424852 81
424883 57
424883 67
424885 67
425033 66
425082 80
425092 49
425105 33
425110 5
425172 85
425205 20
425264 28
425274 72
425298 23
425320 45
425333 95
425410 52
425417 51
425433 50
425444 100
425512 52
425618 88
425629 79
425795 60
426007 79
426017 17
426044 80
426186 39
426231 21
426410 6
426412 52
426450 67
426485 86
426510 69
426513 3
426556 44
426604 62
426623 45
426658 91
426664 32
426755 41
426857 99
427034 56
427076 43
427094 18
427241 18
427255 40
427277 38
427416 97
427568 91
427572 84
427598 97
427719 70
427721 23
427771 51
427801 19
427836 25
427919 77
427975 4
428010 58
428121 88
428125 60
428158 6
428161 16
428164 43
428166 36
428209 26
428246 12
428292 84
428318 65
428348 80
428374 66
428452 79
428453 56
428460 25
428495 100
428509 4
428540 39
428599 56
428610 37
428612 66
428642 27
428690 63
428752 30
428770 28
428770 30
428770 93
428790 97
428868 51
428876 61
429021 13
429051 79
429064 83
429134 9
429149 35
429252 39
429346 26
429409 58
429419 66
429422 43
429424 35
429448 14
429493 84
429509 47
429607 34
429608 1
429711 21
429736 64
429805 43
429839 42
429893 13
429894 10
429973 37
429975 35
429995 46
430067 33
430088 20
430114 18
430376 11
430402 2
430496 56
430498 41
430525 7
430646 20
430686 7
430941 20
431069 31
431155 41
431168 87
431310 4
431431 20
431437 20
431453 18
431479 21
431536 72
431543 70
431544 42
431610 32
431663 32
431739 42
431769 84
431880 10
432028 49
432116 27
432149 61
432170 17
432277 25
432289 66
432326 82
432372 65
432391 93
432407 70
432413 30
432418 62
432454 61
432477 64
432480 86
432557 64
432561 7
432598 99
432648 16
432687 84
432748 79
432780 21
432945 94
433014 40
433019 3
433019 43
433025 1
433049 25
433133 100
433147 9
433174 53
433187 56
433201 53
433230 7
433248 20
433258 88
433262 25
433514 52
433538 90
433609 32
433667 30
433727 67
433796 27
433824 76
433833 56
433899 77
433908 38
433958 81
433969 95
434048 76
434114 25
434117 57
434124 48
434159 41
434170 75
434206 65
434228 92
434233 78
434255 40
434323 65
434463 61
434596 21
434622 31
434642 25
434662 85
434785 44
434868 67
434883 8
434960 17
434984 97
435127 100
435145 94
435167 1
435205 92
435271 38
435405 28
435447 67
435468 69
435516 5
435532 82
435735 85
435924 99
435939 29
436018 64
436020 46
436051 25
436214 85
436267 51
436306 97
436323 80
436335 66
436337 40
436380 59
436412 13
436590 24
436630 21
436635 84
436682 65
436687 26
436729 21
436764 100
436828 73
436868 79
436898 13
436903 28
436944 96
437028 3
437047 60
437061 41
437139 90
437193 2
437338 11
437339 58
437431 11
437438 67
437468 8
437529 32
437534 98
437551 69
437588 46
437612 97
437628 57
437685 41
437720 28
437768 87
437781 20
437980 71
437989 29
438000 77
438060 72
438082 47
438092 39
438118 8
438157 81
438168 47
438174 58
438217 46
438220 98
438497 45
438498 39
438505 27
438542 97
438576 16
438679 87
438782 55
438935 84
438949 37
438961 30
438966 32
438982 68
439032 69
439048 47
439050 89
439101 22
439113 80
439130 44
439186 13
439210 7
439266 48
439462 95
439503 65
439547 72
439564 28
439637 14
439732 5
439785 56
439925 66
439940 45
439944 97
439959 53
440008 72
440034 22
440089 61
440159 48
440207 87
440237 76
440296 21
440390 94
440406 28
440466 68
440626 35
440670 59
440688 20
440705 50
440758 96
440837 67
440968 52
441109 38
441133 4
441163 5
441300 56
441418 78
441438 86
441454 50
441494 31
441560 77
441730 44
441735 91
441914 12
442141 77
442156 82
442196 42
442196 96
442203 44
442259 44
442372 80
442382 46
442402 55
442406 74
442423 64
442428 21
442448 75
442467 52
442477 81
442572 60
442659 72
442701 7
442706 54
442784 2
442800 79
442804 51
442836 26
442903 34
442908 67
443016 11
443034 18
443059 89
443066 85
443068 85
443105 58
443140 36
443157 65
443217 96
443254 87
443285 5
443287 11
443297 36
443304 20
443434 76
443474 56
443666 70
443685 65
443715 100
443809 62
443833 45
443838 87
443939 57
444034 46
444107 6
444112 37
444126 24
444374 87
444397 81
444433 30
444439 50
444458 62
444556 30
444595 80
444597 25
444633 49
444640 86
444707 11
444766 43
444799 36
444834 26
444921 48
444934 34
444950 90
444967 87
444976 74
445005 2
445063 28
445081 12
445175 8
445193 37
445227 91
445243 98
445304 14
445325 48
445376 92
445386 57
445465 21
445583 21
445692 88
445793 61
445830 30
445832 14
445858 97
445948 39
445981 43
445996 17
446253 85
446373 5
446392 71
446401 21
446528 9
446677 38
446728 7
446792 74
446815 84
446831 22
446836 21
446842 2
446958 51
447025 72
447051 57
447200 59
447341 35
447350 32
447356 22
447371 28
447378 37
447422 33
447435 13
447476 41
447479 93
447616 69
447745 75
447751 8
447770 8
447805 61
447818 39
447851 56
447894 63
447949 8
447950 55
448015 34
448074 27
448083 95
448186 53
448374 3
448412 64
448543 63
448676 85
448684 51
448716 23
448730 97
448776 37
448852 29
448857 94
448867 99
449006 71
449037 83
449061 67
449088 96
449118 77
449181 42
449192 51
449219 16
449262 44
449273 88
449325 18
449466 15
449498 87
449508 94
449528 26
449558 34
449608 41
449653 10
449656 95
449685 100
449712 36
449791 27
449928 34
450004 99
450087 88
450230 81
450273 10
450274 30
450321 63
450430 40
450439 14
450445 58
450589 36
450615 37
450811 45
450824 16
450826 62
450887 83
450941 100
451018 2
451049 19
451173 99
451294 54
451360 70
451401 18
451410 5
451416 22
451640 99
451725 92
451728 13
451739 42
451772 33
451776 82
451825 83
451846 33
451936 38
451969 11
451995 83
452025 47
452031 57
452079 26
452096 79
452111 34
452157 24
452165 20
452220 2
452271 98
452302 7
452323 97
452389 19
452428 51
452439 87
452445 74
452473 26
452613 12
452786 87
452800 35
452835 3
452845 9
452878 56
452913 36
452970 31
453002 67
453054 10
453092 72
453123 75
453162 91
453192 80
453213 50
453364 83
453401 17
453493 69
453504 69
453517 41
453520 68
453557 49
453626 38
453642 39
453644 92
453645 53
453649 61
453654 19
453658 85
453673 70
453777 72
453786 83
453858 11
453875 32
453912 28
454041 93
454102 17
454195 83
454219 52
454225 59
454398 53
454427 70
454642 65
454651 82
454669 40
454671 54
454707 98
454716 74
454793 18
454845 3
454864 54
454924 82
454939 95
454960 64
454971 91
454989 42
455090 23
455131 57
455157 97
455185 42
455201 61
455212 1
455236 10
455315 32
455328 11
455499 58
455507 44
455551 81
455569 66
455700 96
455817 47
455836 81
455970 100
455990 79
455990 86
456070 96
456331 53
456539 95
456603 77
456620 68
456677 78
456710 55
456758 38
456781 89
456886 66
456897 27
456968 53
457021 36
457089 9
457095 82
457119 81
457230 83
457347 98
457414 15
457430 93
457432 70
457542 63
457586 27
457646 44
457748 54
457788 26
457789 60
457865 27
458049 37
458053 23
458119 67
458200 99
458216 10
458282 9
458508 85
458516 74
458577 47
458591 20
458707 61
458713 6
458740 32
458775 96
458829 4
458912 2
458956 81
458972 85
459045 79
459048 2
459136 65
459287 24
459347 39
459347 83
459423 37
459457 54
459545 50
459555 97
459556 29
459625 78
459626 71
459639 24
459685 42
459695 78
459698 90
459734 27
459754 18
459777 79
459823 77
459929 48
459969 35
459969 59
459996 57
460009 20
460025 3
460087 44
460116 64
460198 58
460212 64
460272 89
460305 10
460364 58
460409 31
460412 16
460445 95
460617 98
460727 41
460750 63
460759 30
460766 52
460819 46
460831 92
460871 62
460893 54
460981 84
461003 30
461023 54
461038 71
461049 43
461193 78
461206 54
461256 12
461327 71
461337 39
461360 9
461379 76
461395 17
461478 54
461498 2
461581 34
461607 63
461679 99
461716 14
461787 73
461808 22
461813 93
461826 73
461850 54
461941 24
462048 46
462080 15
462116 24
462140 96
462152 81
462178 2
462210 29
462211 64
462218 15
462222 20
462374 68
462430 85
462504 90
462521 70
462688 72
462730 39
462762 58
462831 22
462893 93
462926 31
462926 98
462943 54
462979 82
463110 33
463162 32
463237 61
463278 97
463323 17
463356 39
463391 9
463431 47
463521 17
463566 47
463591 96
463617 76
463629 46
463729 88
463821 56
463940 69
463954 65
464001 49
464038 44
464107 99
464131 52
464158 37
464193 68
464226 90
464269 100
464293 34
464301 18
464351 25
464381 2
464684 46
464951 80
465082 26
465092 25
465104 11
465154 89
465168 98
465195 9
465359 40
465466 60
465535 94
465559 13
465585 59
465757 37
465816 70
465868 73
465932 91
465962 67
466076 87
466114 90
466143 23
466379 16
466518 67
466546 80
466551 15
466559 24
466641 35
466799 74
466967 79
467035 42
467233 71
467244 99
467279 71
467293 16
467305 85
467311 71
467327 11
467331 5
467368 95
467398 31
467403 37
467437 30
467492 87
467529 35
467545 100
467580 16
467583 17
467719 47
467763 81
467842 86
467861 51
467916 38
467954 31
467960 81
467960 96
468028 73
468096 67
468111 85
468114 81
468132 17
468165 19
468177 73
468207 83
468256 23
468305 89
468373 16
468430 99
468434 39
468467 53
468513 31
468531 59
468570 85
468574 16
468596 87
468622 44
468642 29
468665 67
468690 93
468773 71
468867 62
468882 38
468938 73
468972 57
468985 52
468990 44
468991 67
469028 54
469048 70
469166 85
469180 91
469340 68
469396 3
469415 96
469418 81
469476 22
469493 95
469516 37
469667 22
469694 5
469727 48
469783 56
469789 98
469814 5
469905 4
469905 19
469908 81
469946 55
470021 92
470052 64
470065 11
470106 48
470180 63
470234 34
470305 62
470325 15
470413 36
470470 64
470517 40
470673 34
470709 66
470733 46
470759 38
470819 57
470825 22
470837 3
470843 85
470863 40
470957 8
470985 91
470998 6
471034 90
471068 95
471099 37
471144 51
471211 65
471307 58
471308 72
471375 56
471389 12
471405 38
471466 54
471540 11
471607 7
471653 53
471656 52
471822 8
471844 58
471956 53
472010 67
472015 40
472038 10
472088 43
472112 59
472293 84
472333 4
472393 52
472417 97
472455 33
472495 13
472520 99
472532 9
472588 5
472618 8
472686 35
472695 86
472743 100
472759 38
472828 64
472841 85
472913 15
472965 76
472973 58
472988 51
473035 99
473083 78
473311 91
473315 47
473358 52
473370 14
473370 26
473406 50
473413 70
473569 7
473643 3
473643 16
473706 7
473716 17
473747 99
473773 75
473825 93
473841 67
473849 13
473876 15
474072 94
474086 64
474190 72
474253 92
474288 92
474288 97
474304 21
474490 14
474647 2
474661 42
474747 56
474811 62
474857 95
474883 62
474900 63
474935 49
475039 57
475064 28
475149 6
475284 15
475290 83
475380 95
475381 69
475388 35
475392 52
475426 94
475480 82
475517 63
475558 95
475613 43
475629 15
475659 39
475684 7
475723 81
475858 49
475909 81
475980 90
475997 95
476011 45
476015 38
476070 36
476150 20
476228 64
476275 37
476300 5
476300 17
476370 26
476463 87
476503 78
476634 31
476676 85
476678 68
476761 35
476773 1
476822 76
476823 22
476834 22
476916 89
477014 84
477050 92
477107 52
477135 96
477235 51
477316 40
477351 72
477365 56
477383 79
477479 17
477485 48
477799 3
477852 42
477857 31
477974 65
478021 2
478030 88
478036 3
478049 81
478055 12
478108 22
478266 56
478339 73
478384 73
478411 1
478415 37
478501 27
478514 52
478535 20
478572 21
478615 69
478734 30
478812 99
478863 7
478934 81
478971 94
479061 92
479095 35
479114 60
479161 50
479174 79
479196 17
479203 100
479247 75
479286 89
479313 58
479322 15
479380 14
479420 11
479551 73
479570 5
479605 51
479621 45
479662 58
479692 73
479742 53
479811 97
479813 94
479866 89
479874 43
479935 16
480056 14
480066 46
480086 20
480218 23
480282 22
480372 41
480379 42
480400 16
480448 75
480463 19
480551 20
480582 18
480587 86
480647 22
480648 57
480670 7
480690 19
480857 91
480862 6
480958 55
481075 55
481099 49
481109 84
481114 14
481262 85
481299 77
481317 85
481323 70
481331 44
481350 20
481385 7
481418 7
481446 77
481511 2
481768 51
481774 18
481825 39
481842 59
481936 42
482016 8
482023 33
482065 79
482085 5
482091 31
482112 15
482164 25
482202 24
482215 25
482227 44
482242 75
482293 30
482378 18
482398 100
482500 54
482502 20
482527 61
482607 42
482609 40
482642 50
482698 75
482785 60
482795 57
482798 95
482932 21
482932 32
483011 93
483162 71
483271 15
483474 71
483548 60
483736 13
483783 83
483848 62
483865 99
483995 51
484009 26
484031 72
484047 59
484065 74
484135 68
484178 14
484201 97
484208 62
484241 19
484274 67
484301 84
484312 62
484506 12
484587 53
484607 77
484706 57
484821 13
484872 19
484890 70
484912 51
484984 17
485009 37
485022 59
485027 34
485030 67
485046 76
485048 17
485069 71
485078 48
485079 42
485100 66
485230 1
485240 43
485281 10
485281 49
485318 9
485347 57
485399 64
485403 12
485476 5
485508 1
485580 33
485617 100
485628 72
485635 9
485676 67
485676 75
485721 26
485769 17
485821 85
485838 80
485866 53
485900 67
485902 45
485948 42
485984 58
485992 76
486107 70
486212 36
486232 38
486239 74
486241 99
486356 90
486426 22
486487 55
486490 1
486503 68
486615 76
486667 71
486696 1
486700 36
486797 44
486799 58
486812 24
486882 37
486919 10
486978 52
486987 66
487039 92
487064 24
487105 100
487202 35
487207 25
487231 12
487510 71
487532 98
487553 90
487554 38
487609 47
487668 55
487676 45
487713 100
487763 54
487783 58
487833 46
487836 97
487876 93
487920 99
487971 60
488106 25
488107 2
488117 61
488143 31
488211 74
488234 12
488287 58
488303 89
488385 34
488387 1
488412 37
488416 93
488424 21
488459 76
488464 53
488481 53
488523 17
488536 44
488581 98
488602 29
488637 87
488668 44
488739 25
488784 30
488802 78
488847 53
488933 45
488976 85
489055 70
489092 84
489109 58
489206 48
489233 26
489235 76
489253 10
489295 93
489338 74
489345 94
489357 91
489416 59
489435 17
489566 2
489754 91
489787 60
489803 65
489818 36
489819 60
489934 43
489955 74
490070 53
490092 91
490127 82
490171 51
490215 66
490272 71
490281 76
490331 38
490398 100
490408 59
490430 2
490448 70
490449 85
490650 64
490731 31
490760 75
490917 29
490932 67
490957 19
490993 41
491124 62
491134 70
491228 64
491381 10
491401 45
491404 81
491450 63
491481 21
491577 11
491586 5
491755 6
491755 16
491811 29
491824 89
491830 73
491836 15
492006 30
492080 99
492180 26
492188 33
492249 99
492261 99
492285 71
492341 46
492384 55
492409 75
492456 36
492465 71
492473 12
492515 41
492543 75
492589 79
492632 46
492686 8
492722 58
492737 90
492744 59
492778 55
492819 27
492835 46
492926 54
492939 54
492949 2
492990 74
493063 71
493118 44
493125 84
493275 67
493296 45
493359 49
493413 5
493415 1
493455 20
493483 69
493512 15
493555 77
493565 77
493626 56
493651 21
493750 76
493806 56
493863 19
493949 32
493964 81
493994 59
494034 8
494074 49
494108 35
494142 65
494187 10
494218 7
494229 19
494274 34
494296 52
494608 76
494658 40
494665 97
494690 55
494738 79
494784 66
494855 40
494889 85
495013 89
495025 62
495065 48
495075 88
495095 94
495117 41
495150 56
495167 11
495218 89
495240 26
495246 45
495291 27
495316 14
495347 95
495408 15
495410 3
495413 57
495465 49
495508 50
495578 18
495592 17
495629 90
495693 88
495722 58
495723 19
495737 39
495765 83
495780 76
495843 44
495904 8
495912 16
495950 69
495978 69
496058 45
496059 20
496130 16
496147 14
496149 7
496250 77
496355 25
496383 81
496389 26
496471 80
496517 16
496648 96
496712 89
496713 68
496733 9
496769 38
496772 36
496813 8
496868 89
496937 84
496954 42
496954 92
496971 90
497064 25
497117 1
497163 6
497180 58
497295 52
497330 47
497348 91
497392 19
497418 63
497457 69
497620 55
497624 5
497786 19
497801 72
497864 65
497903 42
497925 35
497977 9
498073 14
498158 66
498177 45
498253 55
498335 52
498391 11
498415 32
498498 25
498520 10
498549 40
498611 81
498645 100
498704 96
498721 70
498754 66
498756 32
498780 50
498861 42
498896 46
498930 7
498997 20
499033 20
499146 86
499150 60
499164 31
499258 79
499507 34
499534 52
499535 36
499554 21
499562 47
499576 76
499588 57
499627 68
499631 97
499643 28
499662 29
499696 72
499737 38
499742 20
499757 75
499813 79
499825 70
499857 57
499910 65
499949 6
499952 90
499958 39
