10 5000
39 5827
93 587
127 6391
174 284
241 5189
356 1622
450 2174
723 5
737 9441
962 719
1117 6312
1142 8411
1161 6807
1223 6983
1256 2376
1378 5998
1480 8028
1701 418
1759 1218
1887 2860
2098 2840
2140 3215
2245 7403
2261 3981
2292 7340
2299 5974
2512 8743
2633 7933
2715 9307
2981 7521
3044 5718
3051 1762
3181 8113
3184 9380
3238 4117
3279 1647
3334 8675
3484 3150
3598 7739
3640 1918
3676 8958
3711 6674
3905 194
4002 8088
4018 5012
4363 8294
4458 8736
4552 3403
4589 4553
4650 1336
4669 8793
4741 521
4800 7239
4843 434
4922 9774
4924 6164
5000 8564
5122 2823
5189 8964
5317 1317
5317 2643
5444 8618
5497 6924
5523 4959
5677 9069
5711 8260
5884 8178
5908 472
5999 8753
6021 9494
6025 789
6094 3205
6124 9434
6126 4904
6196 5975
6215 2952
6273 8576
6356 4639
6415 2007
6418 9086
6426 584
6507 8259
6623 4026
6639 1555
6708 1271
6834 9938
6904 8333
7093 851
7149 498
7227 9672
7276 4555
7303 1910
7434 9167
7521 1828
7528 9446
7533 3020
7572 8067
7617 4545
7745 8121
7763 2124
7800 4443
7832 1865
7925 6505
7956 5806
8075 4245
8106 4061
8313 1468
8396 8500
8401 107
8581 863
8701 4353
8740 8365
8917 4708
9207 2333
9309 6125
9470 786
9520 5707
9639 6439
9657 8336
9756 1834
10012 7166
10042 197
10181 3964
10183 8649
10408 9380
10431 2956
10780 5804
10782 4469
10791 2332
10823 4447
11003 6743
11149 6952
11202 5989
11372 3001
11376 8170
11453 4226
11469 3994
11612 2965
11813 5413
11829 9466
11907 6321
12080 1598
12189 2584
12401 8302
12578 2367
12608 6322
12886 9389
12904 6683
13014 2058
13021 3143
13200 7164
13245 1657
13295 3368
13326 7385
13357 7214
13386 1555
13426 4503
13467 1676
13560 5786
13854 6904
13946 4464
14020 1937
14044 3817
14103 9229
14141 2946
14194 5458
14205 6140
14376 6730
14449 6252
14517 2761
14528 4103
14593 4667
14605 3932
14645 6175
14727 9638
14802 1874
15025 4026
15334 282
15381 3008
15390 2425
15402 6655
15432 8444
15478 1686
15763 6557
15782 8290
15878 6453
15960 9052
16026 14
16150 44
16193 5088
16484 3951
16711 6042
16746 9639
16804 1672
16812 5150
16825 5195
16851 8655
16911 8425
16982 5274
17002 2907
17065 1632
17092 1301
17123 1988
17303 4133
17325 8113
17471 5716
17517 3346
17612 5167
17841 6201
18015 2775
18173 7576
18307 2836
18310 2109
18417 153
18582 9084
18629 2121
18647 8882
18652 953
18702 8530
18844 7501
18846 58
18877 2672
19161 8350
19163 3594
19231 5268
19266 1681
19479 1548
19508 3943
19520 9498
19604 9384
19610 9882
19666 6892
19763 9679
19809 6469
19819 3456
19935 2660
20034 6082
20060 9041
20226 4703
20274 990
20282 6709
20457 7992
20564 5974
20595 5847
20709 1498
20726 8763
20729 8704
20751 3434
20768 5233
20926 4339
20937 4514
21144 6951
21159 6197
21311 9950
21537 6025
21552 5966
21558 8393
21739 4813
21935 8594
22062 1084
22143 5065
22266 4551
22517 9572
22548 5332
22786 6472
22792 4327
22847 2339
22866 7707
22866 8489
22996 5794
23073 1486
23147 3893
23389 5124
23424 2454
23492 3324
23709 7368
23857 4039
23949 3419
24015 1813
24151 5388
24251 826
24255 3255
24361 7100
24399 8307
24530 3957
24723 1910
24765 8904
25049 2214
25052 4989
25448 5098
25476 6415
25544 2466
25610 8965
25713 6013
25861 7573
25871 9590
26109 6173
26204 8867
26287 4238
26436 3629
26479 6208
26515 9005
26542 1847
26929 5474
26961 757
26993 1917
27055 675
27211 1195
27379 4556
27453 1226
27696 2814
27709 2777
27757 4073
27829 2574
27843 9641
28014 5386
28238 8663
28360 1676
28379 5253
28386 8627
28477 9358
28618 7472
28745 2696
28756 7511
28803 5751
28956 255
29078 1589
29169 5973
29182 6046
29419 3737
29439 705
29514 9795
29522 4875
29562 2077
29598 2420
29647 3829
29693 6882
29819 1162
29846 3526
29891 7170
29938 7408
30091 1997
30120 6355
30135 5787
30158 5928
30249 6443
30259 7525
30402 8849
30435 2517
30746 5856
30748 4347
30752 1873
30830 1879
30994 5591
30994 6052
31131 830
31185 3357
31193 6387
31230 6568
31285 452
31427 4175
31436 5950
31449 202
31486 1281
31631 1118
31777 6301
31788 2778
31790 7354
31931 5861
32201 4
32207 6280
32453 5993
32624 6107
32710 3636
32839 9513
32886 7218
32909 1124
33065 8168
33149 5799
33226 4464
33230 3535
33260 426
33300 3662
33308 8956
33587 8732
33602 7657
33833 2648
33900 9723
34136 2310
34209 7867
34234 706
34501 3988
34579 8156
34712 6358
34804 6738
35061 4659
35104 3501
35155 996
35213 156
35260 2298
35361 434
35425 2591
35457 5908
35633 3935
35757 9269
35799 1284
35835 1077
35877 7239
35898 8224
35963 3817
35968 5343
36119 3724
36230 6278
36274 8864
36283 6147
36677 4477
36684 410
36693 8405
36704 6825
36878 3033
36894 6165
37100 798
37178 4301
37306 4829
37438 1032
37679 6495
37728 7779
37762 8934
37872 7506
37884 5451
37907 8405
38015 8545
38034 2596
38292 6556
38305 7476
38444 7361
38448 4511
38455 196
38482 6509
38914 7690
38931 4334
39037 5089
39123 5348
39342 1184
39476 444
39520 919
39568 7464
39836 9848
40056 7050
40061 3589
40527 7590
40636 4565
40751 2298
40761 9659
40863 7444
41036 3766
41522 8243
41848 5106
41864 125
41890 6351
41921 1401
41955 6970
41986 8988
42025 6810
42291 8586
42612 347
42652 6817
42712 5832
42871 4399
42987 8738
43006 7093
43022 110
43079 5252
43145 5997
43152 9536
43281 9300
43365 4931
43838 4861
43874 9972
44108 13
44112 3252
44406 8404
44675 2310
44874 4202
44917 5131
45196 7398
45277 1425
45376 6127
45503 7366
45513 3674
45623 7985
45664 4553
45672 8692
45787 5547
45826 5238
45923 6319
46026 164
46160 4584
46291 1276
46395 7575
46453 1273
46523 196
46657 7645
46760 1958
46802 9747
46829 5854
46846 7945
46981 2306
47016 1025
47070 4101
47079 4128
47128 2843
47137 4419
47420 7664
47917 6693
47929 5026
47955 9052
47968 8073
48204 5547
48370 6509
48589 2144
48927 5188
49346 7297
49787 7245
49922 6010
50062 1966
50135 6986
50275 7657
50291 8687
50435 9650
50557 4507
50631 6348
50722 5513
50852 2172
50860 433
50906 3827
50999 3882
51015 8448
51033 4322
51048 1346
51241 7253
51314 1306
51583 2356
51599 2036
51741 3738
51773 372
51932 3056
51962 2184
52156 1948
52174 3319
52330 7307
52438 2427
52505 4434
52523 4154
52574 5058
52594 8288
52627 4886
52764 9363
52955 6811
53494 2822
53541 7405
53627 4430
53843 5557
53857 3121
53882 7536
54024 3430
54126 7771
54275 6593
54289 3517
54320 693
54475 9270
54564 2867
54638 7203
54664 2217
54891 8708
54920 739
54935 2760
54962 2199
54980 5963
55013 6255
55054 4343
55079 2939
55110 9897
55217 11
55679 8312
55814 6829
55916 6534
55998 6222
56120 4284
56170 9123
56175 291
56365 5651
56458 9725
56513 1071
56534 7370
56621 9705
56676 577
56701 641
56789 6924
56794 1078
56907 1355
57014 1783
57061 865
57264 4127
57297 9156
57306 6688
57466 848
57553 6120
57587 4
57602 3898
57801 4688
57838 276
57864 1691
58139 5804
58631 1920
58647 6443
58982 8604
58985 2965
58997 55
59005 9625
59239 1517
59441 4246
59443 7751
59494 4350
59570 3412
59682 5427
59800 2122
60007 9274
60196 8557
60260 1957
60278 8640
60401 1156
60593 6231
60654 7069
60864 117
60924 7307
60929 4312
61151 67
61167 7595
61344 5201
61554 8178
61557 3008
61557 3054
61707 3517
61761 163
61817 7320
61869 3767
61928 7081
61952 2803
61953 9385
61977 788
61991 307
61992 1403
62274 4619
62627 8928
62675 576
62703 1994
62754 9400
62836 5198
62857 2216
62906 8935
62924 8009
63004 3492
63015 193
63205 7189
63218 2623
63275 9824
63295 1816
63363 8205
63579 7700
63586 3375
63661 1068
63697 6313
63855 5959
63903 3552
63988 6897
64236 79
64323 9709
64340 3143
64355 7213
64374 4233
64394 9404
64594 4038
64671 2501
64734 1009
64735 5096
64743 3177
64777 5732
64976 3835
65018 5771
65019 6835
65034 5649
65038 817
65039 3894
65095 4010
65256 4108
65308 8636
65346 7172
65360 2097
65399 5978
65418 7734
65429 3303
65562 7559
65570 5801
65725 93
65940 5605
66439 8552
66479 9903
66568 9028
66683 3541
66931 5436
66959 2474
67220 5598
67271 6511
67531 7502
67632 271
67736 6295
67828 7777
67926 9416
68005 5189
68262 9155
68407 7136
68432 2649
68674 7946
68686 3790
68787 9437
68849 2600
68865 8727
69127 5453
69410 6450
69495 1726
69592 1176
69595 1131
69615 2708
69670 2129
69678 8763
69951 8195
70050 1532
70141 8373
70208 2504
70311 2165
70481 1818
70512 3651
70825 6141
70915 6071
71170 7291
71204 12
71214 3888
71385 76
71416 6436
71553 3167
71929 6944
72092 8085
72261 1174
72358 7946
72470 3571
72767 388
72824 2377
73012 5050
73109 1886
73157 2334
73619 3317
73725 2308
73771 1103
73778 4181
73783 9222
73859 101
74144 9092
74413 2320
74443 7322
74561 5934
74615 7640
74658 4925
74664 4409
74711 1854
74734 5273
74792 1278
74822 3538
74832 4357
74883 9964
75039 9428
75156 5076
75178 5677
75410 9740
75562 2648
75623 4403
75673 9937
75767 3467
75875 3478
75920 972
75949 8991
76102 555
76109 399
76150 5482
76294 5128
76333 4590
76477 6349
76600 6874
76844 2976
76900 5677
77066 7112
77403 2361
77517 2791
77540 7627
77561 785
77626 5350
77627 4995
78000 9140
78061 2315
78114 5787
78119 5448
78234 4648
78314 3611
78379 2073
78604 2586
78633 2084
78699 7034
78700 4247
78767 4771
78770 9996
78825 9308
79074 3867
79104 9073
79252 9044
79264 934
79364 1200
79384 1549
79425 3547
79582 4166
79695 4067
79748 786
80168 1458
80308 8385
80423 5126
80646 7095
80806 7063
81116 6032
81159 9476
81210 7346
81225 2170
81422 6013
81863 5034
81939 3555
81963 8281
81992 7223
82132 807
82253 7181
82280 8418
82299 2540
82381 9318
82479 4884
82564 7694
82702 6235
82786 3589
82787 8550
82853 2566
83112 6915
83192 477
83278 8735
83654 6174
83983 8216
84039 4101
84095 6413
84172 3174
84239 7616
84505 3761
84570 4118
84649 7188
84916 2557
84937 3137
85001 7355
85293 2206
85334 4182
85350 9978
85596 7766
85648 382
85744 4553
85816 5533
85876 7270
85927 3788
86234 2613
86346 9806
86352 7076
86408 9389
86579 3763
86608 1603
86612 9
86790 204
86847 7392
86853 636
86930 6585
86956 4513
87035 5695
87093 2903
87329 634
87433 3026
87484 9864
87728 6200
87789 7279
87812 3559
87951 7986
88002 7790
88012 7252
88089 3870
88269 3071
88327 7309
88331 6757
88465 6496
88548 5445
88642 3215
88668 461
89107 6015
89151 4297
89334 5562
89403 9971
89586 9218
89626 2152
89645 7496
89700 5029
89718 7516
89990 2266
90117 1442
90201 6916
90429 8478
90575 4130
90605 5243
90634 9953
90717 9239
90850 4709
90864 1436
90927 6871
91192 6415
91242 1734
91256 7563
91273 4519
91334 8211
91335 6250
91606 3323
91847 1144
91963 9097
92137 4453
92225 5411
92363 2578
92374 9025
92425 1096
92501 3643
92659 4723
92662 8680
92702 8034
92789 1035
92800 2511
92852 5954
92973 9657
93203 8657
93279 3883
93331 6733
93451 9395
93561 8118
93662 365
94043 2209
94057 3939
94213 6205
94386 1013
94496 2752
94496 8712
94810 5321
95080 2079
95095 9577
95097 343
95192 5028
95263 8104
95285 6966
95314 8128
95353 2159
95566 6114
95731 9298
95775 3365
95992 9795
96082 4187
96146 4571
96299 1210
96416 3681
96536 8236
96762 5958
96812 392
97088 7711
97530 2729
97746 4749
97805 1
97858 4146
97925 6958
98037 6089
98038 568
98143 728
98254 7266
98305 5342
98320 6800
98600 7664
98700 4624
98760 9579
98942 8960
98989 4590
99009 8021
99013 192
99161 2743
99239 5304
99266 9514
99430 9358
99483 7874
99573 9860
99657 1918
99798 2654
99890 5823
99942 3354
100082 54
100410 4793
100446 6152
100692 4833
100702 6977
100714 3074
100864 4653
100990 2559
101134 6750
101183 5424
101235 7787
101243 4327
101331 5889
101676 4260
101706 4840
101724 8111
101992 8605
102038 2428
102047 3263
102064 8379
102071 6349
102125 1778
102216 1524
102258 5719
102370 6255
102648 9758
102665 7362
102836 9858
103105 5633
103167 8582
103208 3780
103428 7080
103502 5669
103713 3032
103761 9648
103898 3039
104098 3317
104152 9320
104201 8244
104525 9387
104565 3227
104646 2038
104706 7177
104727 5943
104934 2166
105031 4027
105073 6539
105223 3673
105270 5859
105425 5822
105462 2105
105702 290
105823 8212
105886 8347
105918 4853
106005 2222
106072 3906
106073 9144
106116 6949
106150 514
106206 937
106222 1311
106329 2201
106443 9975
106828 5874
106961 7625
107091 8568
107143 7952
107292 6752
107345 2519
107403 5077
107436 7971
107556 7699
107780 8952
107796 3598
108048 9594
108074 3423
108238 9519
108566 7628
108595 4114
108632 5111
108875 392
109153 4274
109458 1322
109745 1805
109791 8150
109897 3172
110236 5068
110466 6505
110578 8758
110709 2218
110781 7764
111546 9889
111708 3663
111713 5163
111795 4648
111847 7909
111913 9259
112108 4238
112177 3987
112299 326
112359 3908
112416 4993
112438 2939
112716 8807
112731 4498
112768 8912
112849 1637
112960 5817
113530 9469
113663 7103
113753 9524
113972 7930
114162 6918
114164 8645
114391 9241
114456 8084
114604 6213
114739 516
114742 1311
114797 976
114899 4460
114977 1972
115056 4159
115155 7313
115166 1240
115192 7808
115258 5163
115441 6240
115508 2242
115552 1229
115636 2936
115719 8636
115866 4758
115909 9985
116177 4379
116181 3490
116270 6653
116289 7547
116292 7414
116358 2845
116372 68
116381 956
116433 6564
116451 6321
116572 1544
116598 9666
116645 4670
116664 5317
116859 420
116859 4523
117040 6349
117061 4388
117076 8324
117124 1185
117172 2275
117195 1028
117281 4518
117377 2533
117511 6943
117561 9028
117570 1578
117666 3117
117750 9420
117774 7707
117944 7600
117970 9776
118030 6287
118158 361
118383 1790
118408 97
118463 2534
118608 8361
118662 8229
118689 7798
118740 3198
118947 9153
119119 304
119193 826
119227 3949
119240 5074
119272 6814
119404 1497
119427 125
119435 470
119460 1118
119535 4647
119605 7519
119661 8423
119737 3885
119912 9644
120182 3722
120257 7593
120458 7364
120589 5986
120593 51
120637 9005
120775 2527
120795 4261
120895 6134
120996 8602
121104 6705
121266 6558
121337 418
121347 9549
121404 8367
121622 6400
121786 2663
121791 1770
121975 904
122419 1164
122443 7192
122489 5332
122512 4168
122673 6802
122680 2227
122737 5318
122977 5268
123118 1999
123120 1912
123124 1905
123139 3233
123277 1213
123286 5171
123523 621
123598 2849
123642 3254
123657 6542
123779 1587
123810 7608
123844 565
123923 5656
123934 5858
123988 2740
124019 5613
124063 3804
124065 9733
124153 3995
124378 1371
124381 9049
124450 6769
124464 9253
124467 4070
124544 7675
124555 9154
124665 9020
124748 655
124847 7527
125002 7465
125006 5980
125108 8121
125247 5857
125270 961
125274 5877
125313 5412
125543 8266
125690 7834
126009 9255
126012 3485
126069 9451
126190 5961
126286 9098
126370 2836
126388 2791
126447 5253
126809 504
126995 2232
126997 2498
127045 4243
127066 9325
127355 5212
127412 1349
127520 9074
127557 857
127567 4961
127790 5446
127858 9862
127869 4322
128173 2720
128198 9771
128480 4924
128627 3609
129050 6247
129075 9432
129151 1337
129208 9899
129264 6751
129420 2147
129448 6939
129659 259
129709 769
129710 4979
129710 7743
129944 5687
130047 7585
130143 7771
130442 1043
130678 1461
130699 657
130734 7024
130895 6984
131142 4965
131188 112
131219 3846
131337 8219
131396 4851
131460 1542
131467 2067
131485 3400
131823 8487
132031 8159
132045 67
132179 689
132202 7554
132283 5832
132308 7091
132322 802
132414 2721
132679 6856
132748 8541
132798 1135
132938 3488
133000 5909
133004 4670
133289 537
133302 8231
133384 971
133572 5192
133686 6680
133796 3308
133858 2744
134195 5341
134196 685
134233 7708
134305 443
134372 2078
134540 4011
134770 1568
134781 4073
134786 9211
134863 1816
134883 8245
135091 5460
135542 6364
135545 7031
135634 3790
135734 1573
135776 2361
135777 4413
135855 1656
136037 1262
136254 1657
136372 2635
136470 9269
136547 2765
136646 3528
136692 2980
136693 8794
136705 1571
136770 3557
136841 1492
137215 9166
137337 4984
137504 232
137664 9441
137700 7747
138038 6704
138226 1874
138327 3837
138874 188
138936 1279
138968 2367
139074 285
139104 8542
139127 202
139301 6541
139302 3077
139335 6977
139444 3762
139495 5731
139551 8966
139581 2783
139658 716
139833 3046
139856 5617
139867 8127
139868 758
139890 1649
139941 9516
140000 15
140008 4446
140034 2310
140083 4030
140118 7543
140154 2603
140234 7529
140367 4975
140398 896
140558 9304
140581 620
140676 9505
140709 8178
140738 9309
140826 3691
140899 7532
140971 9879
141148 6524
141181 1817
141185 9456
141294 4400
141309 2402
141323 2005
141378 7087
141628 8307
141663 5322
141699 8342
141725 7342
141806 7711
142194 5514
142210 9828
142286 2296
142424 5063
142922 9363
143077 2514
143188 6456
143193 3521
143201 3189
143208 9455
143367 9481
143426 6307
143428 5413
143743 5452
143991 450
144009 4122
144140 3141
144357 7363
144431 8850
144436 4192
144472 8473
144547 5263
144679 7175
144702 8792
144726 1645
144871 3628
145153 2909
145288 8893
145336 2963
145350 1244
145435 3793
145450 7002
145489 5296
145536 1180
145659 8418
145745 6055
146165 6693
146172 54
146331 6099
146402 4112
146464 6101
146470 7859
146523 6451
146604 3586
146718 2439
146855 5414
147174 7045
147513 4066
147842 9384
147916 8622
147931 5801
147950 2937
148045 8507
148210 3806
148277 9673
148397 2997
148422 8658
148668 7321
149058 4030
149076 2264
149081 620
149264 13
149291 5808
149346 9915
149383 4511
149415 8361
149508 8692
149550 9336
150044 757
150067 5871
150130 3074
150163 557
150277 6258
150379 3969
150497 6917
150500 3748
150629 8184
150696 5605
150770 7567
150784 1407
151123 5047
151181 4910
151248 1011
151416 3015
151706 7273
151853 7234
151874 7022
151912 2495
151966 7422
152062 3619
152077 9281
152134 8925
152315 2499
152518 5319
152636 1987
152765 8284
152818 4776
152823 3070
152881 5043
152882 7326
153029 2335
153270 3934
153302 1253
153507 943
153571 1158
153655 6660
153747 257
153760 1871
153799 3734
153817 3307
154308 793
154309 5798
154366 670
154414 925
154603 6128
154817 420
154833 3690
154905 9299
154911 5982
155339 656
155373 1421
155388 8332
155456 3233
155477 3702
155568 9126
155963 8670
155988 8451
156384 5827
156471 8294
156525 1576
156683 733
156684 4352
156724 6921
156753 3047
156834 7844
156882 9928
156993 8108
157152 8137
157203 1077
157217 4506
157255 8457
157300 6697
157386 9670
157415 149
157462 8179
157703 2484
157797 4127
157898 8870
157901 3789
157924 5716
157972 5537
158043 1672
158178 2367
158298 5005
158570 9488
158662 1188
158756 4293
158848 68
159108 7678
159225 3349
159280 5429
159290 8851
159337 9851
159351 5339
159498 4258
159550 3705
159632 3812
159810 246
159823 3044
160144 4288
160173 7863
160189 8160
160282 8227
160320 8941
160394 9495
160685 3723
160713 477
160753 3846
160824 9897
160898 4159
161077 6934
161356 5241
161397 65
161485 923
161614 1149
161659 906
161754 3746
161833 9060
161927 54
162231 8179
162438 7908
162557 5053
162666 1984
162699 5922
162883 8423
162962 6591
163147 5962
163183 1376
163499 7167
163654 1813
163699 6034
163833 4016
163848 3264
163887 8093
163925 3902
164093 8017
164477 3870
164827 6792
164851 1441
164965 4590
165118 3511
165177 1669
165341 8618
165427 5836
165573 7602
165599 5617
165607 8404
165756 9884
165840 1586
165909 9678
165927 3215
166191 407
166294 6845
166298 4505
166309 786
166526 5396
166535 4398
166575 9002
166608 9866
166747 2401
166851 6802
167100 7130
167126 4021
167175 760
167323 9493
167342 2490
167343 3192
167619 3657
167649 3619
167781 9584
167871 890
167956 3607
167988 3141
168121 6511
168134 4149
168174 779
168210 1267
168301 2592
168324 8924
168340 7084
168367 2803
168433 9453
168546 9145
168562 2754
168762 7640
168859 2698
168882 2590
168915 3469
169077 9125
169119 4908
169205 9322
169228 8742
169277 8475
169381 7501
169408 1053
169459 697
169515 7768
169592 8267
169877 7249
169935 2792
170042 5948
170258 7300
170380 4867
170475 7911
170637 5065
170686 1974
170703 1214
170730 5294
170915 3
170924 9953
170986 485
171052 2343
171162 4714
171190 3035
171221 3669
171273 6028
171398 9518
171408 27
171451 2965
171520 1803
171607 3825
171625 953
171707 9293
171976 5892
172028 1838
172231 2142
172286 6327
172366 3031
172368 8288
172547 3445
172920 9880
172978 181
172989 8425
173254 6626
173354 3767
173438 1245
173455 5230
173682 8849
173695 6343
173821 9917
173954 776
173957 1739
174077 4124
174431 8373
174759 2261
174761 7690
174926 530
174976 1684
175034 2024
175092 647
175232 6087
175251 3171
175531 2739
175835 5137
175838 5611
175863 3830
175868 7682
176083 2906
176099 1577
176141 7599
176248 5886
176258 9024
176276 1579
176379 2403
176509 705
176529 4588
176598 900
176653 4428
176659 7584
176907 7843
176935 2341
177001 9456
177010 732
177030 5073
177073 2992
177181 9200
177245 1891
177323 7185
177348 4872
177351 5485
177374 9607
177563 3461
178297 7155
178358 7247
178575 6568
178577 4698
178726 3295
178738 6709
178848 5015
178892 8164
178988 5163
179296 2685
179328 8968
179866 7301
179942 8218
179980 816
180001 5413
180061 77
180141 5314
180150 9194
180283 1228
180504 3296
180511 3600
180635 7411
180692 8248
181098 3460
181293 8141
181296 3624
181389 8776
181390 2253
181561 7120
181748 2967
181798 4206
181876 1400
181905 4765
181921 5718
182051 9929
182127 9469
182201 9143
182394 6406
182560 5325
182777 5394
183235 2694
183397 9661
183532 2523
183708 623
183729 9946
183746 9638
183827 5513
183985 3395
184024 2127
184029 7294
184255 8074
184517 6015
184561 7979
184629 408
184682 2464
184717 2361
184807 2647
184996 8085
185216 8920
185226 6529
185251 3044
185306 3581
185323 3260
185337 3400
185424 9150
185663 4609
185686 4647
185754 8431
185758 1777
186208 1218
186318 6454
186330 654
186342 3987
186570 6582
186694 8573
186847 485
186934 4499
186942 4009
187288 8166
187293 6186
187461 3697
187520 463
187581 6304
187657 6108
187720 8807
187780 5916
187876 8350
188223 5380
188422 1552
188465 6730
188483 8841
188541 9888
188556 2209
188759 1400
188783 2666
188848 4594
188923 7954
188970 1145
189050 9248
189122 1653
189369 5397
189433 1577
189566 7934
189586 1676
189635 2141
189733 5609
189795 7611
189992 7315
190009 5299
190063 5142
190194 1656
190201 6171
190330 6874
190543 5185
190562 8399
190590 6185
190616 6531
190737 6930
190812 9081
190934 7791
190952 7666
191113 5646
191201 2728
191382 8652
191725 9920
191735 5147
191809 5294
191957 7493
192101 4909
192133 1382
192315 6328
192607 6784
192634 8772
192947 4867
193017 5273
193136 33
193226 4506
193344 1787
193442 3110
193524 836
193624 7788
193920 2490
193985 7739
194023 8967
194033 6086
194062 3679
194063 1761
194081 8117
194088 743
194437 6240
194455 4686
194553 330
194612 5047
194707 9456
194772 7468
194787 9794
195029 9379
195130 3384
195212 1866
195250 572
195363 5149
195374 502
195502 1802
195781 7412
195889 5237
195994 7175
196038 9305
196172 9668
196183 166
196199 4046
196302 7916
196365 6332
196382 5284
196409 9303
196602 9563
196653 8740
196754 7784
196788 3015
196861 7177
196890 4978
197254 7781
197523 4546
197737 7936
197756 9375
198135 7707
198136 48
198429 3847
198449 5717
198548 1982
198794 5804
198967 5499
199060 9135
199066 3736
199086 276
199229 5238
199299 3027
199365 6928
199441 4265
199486 5377
199783 5179
199841 7506
200053 1649
200091 5882
200331 9691
200334 5606
200461 9409
200577 8466
200584 729
200633 3517
200691 7121
200787 2081
200794 4694
200822 7512
200875 2204
201048 5709
201063 4983
201063 8048
201071 6772
201172 6784
201340 2058
201470 3449
201473 6530
201748 4963
201770 8829
201890 2861
201940 3567
201946 9780
201990 8360
202370 5422
202483 5408
202756 2182
202899 3707
203003 6813
203138 3312
203155 6779
203334 5608
203394 1056
203396 8457
203411 2058
203461 7795
203530 6566
203755 9608
203795 7098
203822 2767
203973 6064
204009 7760
204062 3236
204109 5827
204172 6782
204204 6332
204208 5878
204443 979
204451 5036
204466 2521
204486 8932
204634 2304
204786 7230
204933 4125
205154 6533
205176 8981
205196 6883
205562 4968
205619 1597
205740 6674
205741 5105
205764 3005
205769 8338
206103 4204
206192 9871
206248 913
206443 6794
206630 7354
206647 8894
206700 5069
206763 2363
206783 3497
206799 563
206898 2907
207036 3918
207261 851
207332 8699
207334 3872
207402 8142
207487 3516
207494 46
207650 5845
207749 5361
207765 3261
207805 3142
207939 9395
208209 4933
208309 1215
208412 7365
208488 895
208528 9745
208958 6257
209042 4375
209111 1431
209155 5747
209237 5770
209272 2430
209286 6107
209313 2948
209352 5289
209586 1601
209631 7877
209636 7448
209679 3762
209702 2867
209870 2129
210359 8033
210564 4924
210654 6400
211010 5727
211256 7124
211321 7278
211332 2740
211358 1514
211587 140
211676 2433
211883 8923
212182 8690
212265 8195
212272 9679
212608 9779
212686 1987
212703 6170
212899 3707
212909 1541
212996 3087
213060 7526
213091 6008
213230 7843
213249 8866
213250 4631
213373 5902
213407 3558
213447 9681
213530 493
213681 9066
213688 5580
213826 2253
213968 9427
213989 9721
214018 1260
214093 2295
214184 5474
214266 7974
214549 9862
214653 2387
214810 4302
214901 5897
214970 1928
215054 5902
215072 2515
215163 9557
215244 8087
215373 2585
215530 8079
215680 7515
215684 1760
215697 8362
215836 3935
215912 4564
215940 1903
216200 3998
216395 6682
216497 6177
216852 1446
216881 9031
216924 674
217003 8313
217039 5235
217097 5923
217183 671
217192 4642
217307 8030
217545 311
217628 5201
217768 3492
217872 7962
217915 4305
217986 1782
218004 4265
218070 4997
218140 4683
218549 7383
218795 3280
218804 5554
219022 2033
219060 5783
219122 2726
219163 4838
219225 7803
219267 8262
219280 3154
219375 5280
219426 5520
219432 1532
219453 8579
219526 5089
219600 2130
219674 7692
219682 4706
219766 9300
219843 1262
219857 8607
219879 359
219881 8060
219967 6021
220073 3694
220118 8915
220159 8235
220204 8879
220212 252
220299 1436
220345 3210
220383 3714
220512 3607
220779 4462
220801 3887
220922 6625
220944 9360
221009 7445
221223 4912
221318 1705
221363 4818
221539 7904
221654 8476
222281 8553
222325 9056
222386 4517
222420 6055
222699 677
222722 4664
222779 7355
222973 6961
222996 9253
223005 1722
223044 8084
223208 4960
223231 5609
223363 6558
223491 8813
223506 4332
223608 3709
223614 4734
223660 6895
223820 5859
223946 9473
223954 2702
224001 2038
224270 9036
224337 3574
224406 430
224473 2231
224536 133
224694 822
224734 3584
224817 8375
224870 3267
225002 8020
225008 5417
225108 660
225109 7958
225174 3481
225193 9211
225259 6520
225286 5146
225471 5954
225477 339
225744 7029
225864 8689
225903 3319
226055 6302
226117 8171
226444 9955
226578 48
226644 2601
226933 9217
226997 2090
227038 3770
227275 5666
227500 1890
227761 4773
227777 8119
227784 4328
227821 4919
227835 7810
227876 4432
227904 8275
228022 2451
228095 9585
228161 905
228191 687
228225 5358
228273 4569
228318 3737
228443 8618
228455 8279
228625 2833
228979 1338
229060 7308
229106 7899
229282 1115
229296 9385
229363 7334
229364 7787
229403 8090
229450 4869
229455 921
229475 2406
229534 7802
229606 5393
229793 3809
229910 3268
229949 3705
230109 3785
230207 1504
230272 1335
230285 6291
230328 1268
230435 1217
230508 3144
231073 2226
231246 522
231575 7344
231607 3354
231632 1670
231727 390
231874 7640
231915 1851
231957 7900
231970 1682
232014 5955
232180 4317
232425 8478
232491 2435
232848 7398
232850 4471
232861 3388
232876 6609
232966 8559
232985 7243
233128 2161
233178 3667
233259 3839
233283 4533
233303 4566
233346 7434
233394 8996
233398 4543
233507 757
233555 404
233832 7047
233898 4983
233966 8411
234218 6795
234407 6884
234423 5671
234463 9329
234542 8587
234601 4480
234626 7133
234627 7379
234674 2269
234879 3203
234986 4339
235257 7258
235345 3621
235417 2459
235509 3725
235621 9616
235747 5510
235831 2000
236070 1697
236225 1710
236261 5147
236317 3709
236348 4453
236399 6790
236635 7665
236660 3531
236898 2488
237000 4535
237070 3470
237070 6444
237095 807
237117 357
237121 6638
237160 4246
237251 2861
237370 980
237509 1398
237601 1929
237748 7180
237805 67
237902 9889
237967 8927
238011 2178
238132 5572
238294 9313
238324 3197
238523 3097
238603 6006
238829 4523
238909 6308
238936 3574
239341 8256
239359 5520
239420 1631
239455 6653
239466 7596
239526 7170
239634 8283
239660 1344
239810 8193
239827 9149
239886 571
240105 6554
240123 5464
240169 8482
240267 4917
240358 5023
240432 8376
240543 7159
241156 1899
241456 3869
241664 857
241734 9548
241754 2963
241811 1352
241877 9915
241887 9152
242015 7586
242020 6368
242073 5455
242193 5795
242223 3299
242265 7356
242333 9489
242500 662
242628 4047
242653 3331
242728 8187
242772 7573
242818 7349
242838 2927
243129 1556
243181 8617
243228 3431
243376 7712
243584 4284
243586 5183
243874 9749
244100 9099
244140 9936
244417 8071
244467 2164
244617 7834
244680 3240
244815 1845
244834 2622
244864 1784
245195 6385
245202 5780
245378 6828
245467 5978
245675 7685
245834 9115
245853 8400
245870 5426
245872 2969
245914 1766
246076 3549
246236 7942
246373 7130
246439 1273
246547 2547
246566 617
246694 5994
246710 473
247001 9093
247086 4049
247127 4475
247250 6839
247485 1310
247571 5150
247595 6890
248070 9474
248150 3358
248573 5808
248578 3525
248647 705
248694 1388
248904 355
249064 2735
249153 8329
249202 3325
249301 4570
249538 832
249560 8747
249560 9661
249697 5999
249732 553
249775 469
249777 2311
249858 5460
249928 7634
249966 4550
250210 6104
250354 5581
250403 4576
250575 8798
250687 1404
250776 3290
250779 9835
250797 8413
250840 6384
251058 4544
251067 7192
251159 6628
251212 2877
251424 9525
251676 3809
251678 8591
251706 6684
251828 5327
251981 6814
252042 8129
252360 4412
252738 201
252747 205
252797 1768
252864 2326
252896 8285
252995 6554
253126 7256
253254 7162
253296 4967
253472 4813
253587 3875
253609 2656
253653 2699
253721 662
253932 301
253969 5035
254017 2435
254130 7567
254169 1739
254571 7772
254674 7821
254700 9213
254714 3128
254744 5993
254757 5511
254849 9487
254903 309
254908 6789
255120 7254
255148 7739
255174 4577
255262 3056
255711 1136
256232 5039
256249 3485
256604 2177
256680 9658
257547 5104
257684 4384
257738 1444
258111 2527
258451 8090
258549 9560
258561 462
258703 3661
259015 2954
259069 5163
259209 7567
259317 4382
259372 5670
259418 8214
259680 3676
259832 8296
259870 1903
259891 2333
260052 5297
260054 8407
260193 5586
260335 1354
260337 6322
260376 6365
260424 1982
260567 1185
260664 7794
260701 3919
260703 6823
260761 9362
260873 486
260885 5943
260972 1784
261049 9555
261101 4429
261104 8013
261171 5324
261372 778
261405 1676
261487 5339
261502 245
261506 4439
261766 9347
261839 4090
261929 4163
261965 8106
261988 3063
262083 6922
262143 7996
262275 4375
262336 3035
262357 6975
262452 6402
262493 7267
262637 5979
262683 1771
262709 3607
262780 7602
262798 3571
263007 6721
263019 2702
263177 3112
263245 1850
263521 429
263582 3165
263617 6312
263654 5336
263765 8785
263929 9350
263961 9937
263975 3126
263996 202
264040 4439
264228 2361
264544 3839
264629 4951
264753 2694
264753 8986
264939 8940
264968 6921
265062 6691
265101 806
265417 5236
265459 2618
265625 3941
265750 9746
265809 2565
265926 9233
266107 982
266183 2233
266222 681
266258 4580
266292 5801
266415 353
266601 6555
266833 7516
266916 4190
266937 6630
267058 3558
267132 2172
267143 7199
267253 7864
267344 3491
267533 5679
267663 6122
267887 1983
267896 3845
268034 8422
268041 7757
268260 9090
268262 7069
268276 5452
268392 8475
268462 6739
268529 9455
268542 2846
268599 3474
268686 2482
268920 2586
269001 7898
269008 1607
269255 8934
269257 6097
269361 3651
269469 989
269594 4828
269658 863
269861 7108
270025 8905
270058 6334
270091 8165
270290 9610
270408 2837
270433 4985
270445 6096
270583 8403
270598 1712
270825 4499
270837 5746
270899 4664
270975 418
271185 4334
271234 7391
271313 5176
271342 1786
271345 2723
271409 674
271445 655
271653 4707
271878 2109
271915 8915
271930 2539
272019 7552
272091 6906
272099 7542
272147 5256
272294 2940
272324 8347
272414 1151
272496 7339
272573 9641
272607 2238
272695 1268
272730 2146
272756 9350
272872 984
273083 973
273197 6228
273218 4574
273306 2957
273313 4472
273331 8250
273344 2230
273350 5505
273372 5303
273375 2069
273434 7460
273469 5225
273484 1110
273488 3499
273508 9387
273601 4045
273632 2343
273649 7555
273651 9778
273801 8272
273850 5361
273949 7448
273971 632
274036 7275
274222 6591
274386 7650
274407 9625
274433 7235
274562 7100
274577 7062
274676 7788
274727 6679
274733 9607
274821 2443
274933 6100
275151 8174
275275 8710
275276 9803
275305 9569
275360 9386
275469 8421
275713 9151
275845 5018
275989 5256
275996 9213
276099 8052
276209 8726
276273 4878
276350 9669
276377 2931
276454 5823
276624 2357
276634 5133
276740 8764
276764 7072
276913 8449
276987 1378
277026 4275
277315 1082
277351 3866
277396 8091
277510 9637
277579 9777
277792 6376
277899 4138
278005 8022
278006 2585
278169 7360
278171 5639
278380 7459
278381 4930
278394 2612
278454 788
278485 6413
278719 5800
278875 1746
278929 1756
279067 8529
279213 357
279336 9714
279361 5545
279455 4437
279515 2619
279525 1658
279679 655
279688 463
279704 4464
279722 5548
279820 312
279963 4882
280021 3133
280023 3996
280093 2173
280187 9471
280405 7622
280649 4487
280693 695
280869 2216
280944 5093
281083 8056
281192 4950
281232 9442
281523 5679
281554 9461
281589 6893
281764 8938
281871 6213
281914 5243
282052 1473
282265 7817
282304 6058
282305 1395
282422 5652
282627 6701
282833 5877
283085 274
283152 1978
283321 7794
283351 9106
283359 1537
283534 1973
283537 9125
283658 1216
283716 6552
283897 3308
284027 6679
284280 9099
284401 9728
284557 8938
284582 5158
284591 5277
284648 5393
284716 9654
284761 3190
285098 3056
285448 6053
285465 7593
285496 6351
285545 1309
285735 5612
285918 3769
286121 1995
286156 1544
286190 6113
286310 553
286369 7673
286513 9526
286543 3109
286658 1336
286706 8271
286793 8855
286853 5589
286875 9079
287002 3114
287007 7148
287029 7802
287059 2976
287099 5355
287103 313
287292 1960
287425 1267
287453 6509
287499 5187
287537 8597
287565 430
287565 2665
287972 5912
288141 2688
288328 2762
288416 7032
288508 2532
288572 6008
288811 7623
288861 8147
288882 3618
288956 1139
289029 2043
289094 6745
289276 2722
289322 6169
289555 138
289588 1034
289674 4122
289675 4879
289843 3737
289845 7666
289886 8635
290018 214
290026 8290
290177 6133
290245 2546
290370 5453
290447 3334
290495 5033
290520 7668
290542 5520
290585 4918
290604 4922
290701 6401
290765 2437
290842 7761
290971 7954
290982 6679
291040 7379
291503 6320
291584 8798
291647 3734
291730 4344
291749 1571
291817 9175
291857 1591
291939 2592
291985 9213
291991 2695
292059 25
292069 387
292084 3808
292507 538
292610 3008
292661 8726
292771 89
292922 5308
293331 438
293388 6770
293406 3479
293444 9023
293458 4273
293652 9133
293698 8989
293700 6720
293902 5906
294264 309
294267 1733
294331 5692
294664 6171
294680 2047
294720 8342
294739 340
294836 5925
294940 7088
295033 4707
295088 7335
295628 2051
295658 8297
295725 1228
295799 6358
296399 5353
296455 4822
296494 6872
296514 6788
296572 8579
296789 6089
296840 9861
297117 7494
297152 1895
297199 7827
297252 3368
297290 935
297303 6791
297319 5591
297800 1
297804 237
297826 9770
297938 1903
297940 8228
298011 6922
298060 2569
298069 7500
298094 1877
298140 6601
298318 3183
298348 9678
298578 6427
298723 7178
299118 1908
299166 1907
299191 4124
299274 9109
299296 2933
299301 6106
299315 9741
299339 8509
299357 5949
299556 5444
299713 981
299743 2450
299786 9585
299800 3764
299811 2427
299891 77
300022 5275
300022 8466
300095 8984
300140 6768
300232 3716
300253 8060
300603 2277
300623 8892
300966 1593
301030 7405
301042 4917
301232 2290
301365 4103
301372 6591
301443 1011
301447 6794
301490 9858
301558 951
301832 499
301842 6947
301859 4638
301889 3193
301903 636
301934 2243
302074 906
302074 5524
302530 3659
302577 9821
302648 2627
302664 8971
302761 6692
302791 6979
303088 3611
303130 762
303285 1
303641 8431
303795 451
303873 9911
303969 1647
304146 827
304259 365
304259 1381
304487 9622
304490 7157
304566 5662
304966 1737
305188 5608
305370 821
305480 3124
305546 6209
305734 6201
306257 4535
306421 3926
306578 5198
306617 318
306776 7189
306877 1944
306923 6537
306969 6392
306996 7709
307062 3021
307246 4684
307337 4319
307403 7435
307558 2275
307563 6673
307693 1811
307919 5023
307935 1378
308093 7297
308157 8694
308282 8391
308375 7990
308441 2632
308447 6152
308551 2714
308647 6007
308801 6833
309161 6263
309251 5307
309261 1847
309321 3148
309411 6088
309420 5210
309440 551
309789 4731
309804 675
309905 547
309947 1280
309990 1604
310047 7811
310129 7032
310164 1198
310176 9670
310309 339
310446 4354
310758 5360
310838 2043
310918 517
311140 4289
311151 4217
311217 709
311226 4562
311253 5093
311457 2310
311563 4741
311579 1400
311609 7020
311611 6544
311707 4306
311750 5542
312035 7420
312189 1706
312229 9439
312356 4394
312375 6349
312444 2311
312769 9402
313075 2421
313205 5855
313369 4830
313399 1973
313483 85
313537 9054
313647 4492
314261 5496
314269 5231
314337 1357
314380 1482
314522 274
314522 8084
314815 6671
315078 316
315179 5743
315194 5267
315331 6738
315356 6192
315470 7670
315524 5414
315558 8815
315559 9991
315644 5241
315689 9161
315724 2293
315822 1624
316098 9045
316161 3043
316333 1024
316443 2499
316819 1700
316946 8445
316970 923
316995 8130
317049 387
317238 892
317268 9542
317285 8016
317291 3845
317298 6815
317316 5186
317377 5976
317395 2040
317664 584
317673 3862
317984 4792
318130 5978
318487 2603
318595 3177
318688 7245
318705 3793
319376 9844
319409 3162
319463 2421
319536 7180
319585 570
319845 4064
319845 5243
319872 4220
320202 3492
320306 6677
320607 5410
320707 6361
320775 4348
320820 7648
320899 7481
321096 3953
321102 4079
321146 8819
321156 6875
321238 5604
321249 2041
321302 2799
321571 6676
321653 2473
321773 2883
321932 6968
322028 1988
322115 1787
322198 4726
322203 9908
322233 6627
322275 5355
322307 8856
322572 2802
322575 990
322623 7645
322826 214
322833 4039
323018 1664
323099 9534
323105 6525
323153 9441
323179 9291
323193 4672
323293 4250
323295 3703
323492 8368
323655 6049
323666 6190
323804 4857
323864 7802
323905 1766
323938 6651
323957 1383
324018 5214
324050 339
324102 1548
324123 789
324418 2693
324587 3356
324890 2218
324982 9982
325046 4640
325130 1356
325147 8983
325407 4488
325431 8293
325553 5632
325630 3444
325669 6689
325696 5323
325806 2625
326010 6032
326102 1120
326197 743
326209 4853
326290 8124
326455 5175
326491 9627
326517 6612
326621 1372
326838 7074
326988 145
327196 2428
327223 4774
327270 6443
327342 4347
327496 368
327614 5879
327742 7168
327764 6177
327874 9692
328013 9101
328138 7261
328228 8435
328320 2237
328424 8662
328530 896
328793 544
328921 82
329222 5289
329292 6523
329361 4249
329458 4116
329520 3161
329554 9398
329631 5425
329675 1196
329707 7236
329833 45
329870 6356
329876 8730
329941 3983
329966 648
330150 4537
330166 1280
330315 682
330659 5303
330995 3096
331125 9451
331460 6407
331473 9033
331522 2127
331743 1187
332077 585
332126 7894
332202 7242
332243 9936
332523 7411
332649 1387
332658 3889
332753 3552
332762 2941
332772 2178
332832 5385
332864 3401
333104 6174
333163 895
333200 9937
333515 2434
333582 4523
333759 9024
333857 4718
333911 2205
334128 2031
334140 8955
334277 4880
334290 2527
334312 2120
334450 3432
334459 2850
334637 1188
334665 5348
334884 1619
334937 8001
335039 7017
335167 5515
335267 9816
335344 9037
335376 2366
335436 7459
335441 8283
335566 6571
335815 7532
335962 7456
335983 7130
336130 9568
336162 7267
336217 1538
336374 6803
336378 3473
336383 9599
336433 6758
336480 1292
336532 5110
336558 2770
336590 5147
336630 9243
336648 215
336698 255
336792 8174
336825 8018
336869 6091
336921 715
336964 6513
336975 3569
337004 5611
337166 8619
337354 7694
337373 3856
337496 6173
337554 7342
337880 68
338015 6381
338066 1372
338087 3823
338139 8018
338219 9934
338307 9782
338405 7127
338421 3402
338430 6631
338432 509
338445 2890
338545 617
338643 1965
338674 9101
338847 6205
338988 3155
339083 3656
339119 7099
339194 2685
339205 7759
339423 7297
339526 5755
339557 6788
339558 9558
339609 1683
339788 3838
339836 5407
339985 4537
339986 3455
340030 497
340143 727
340159 1434
340190 7246
340208 9102
340260 1683
340316 8363
340416 8694
340504 6679
340596 6401
340647 2719
340703 4681
340705 3654
340784 3235
340917 9937
341066 1002
341082 3579
341122 7644
341140 4539
341163 9432
341303 6190
341467 8402
341492 1560
341517 1858
341571 1362
341653 3014
341660 9044
341666 8457
341714 2725
341878 6751
341966 9103
342119 9928
342126 6244
342127 1723
342158 4934
342602 7713
342698 5150
343037 7306
343052 9007
343057 6367
343546 7456
343807 4221
343968 3106
344007 3162
344133 4281
344176 7130
344252 2908
344466 7991
344553 6400
344599 6384
344811 4355
344882 3578
344943 6509
345136 8112
345202 5960
345217 1760
345429 8485
345553 8920
345815 6007
345922 4348
346093 2814
346249 3748
346364 6136
346814 7509
346848 6207
347028 3314
347064 4296
347434 2052
347623 2619
347655 7655
347737 7618
348166 6911
348186 9804
348424 2334
348733 4750
348753 3573
348786 5106
348841 4647
348980 3685
349063 7226
349065 1236
349067 2417
349087 7560
349167 3017
349234 2975
349529 5193
349727 1719
349811 7385
349860 5288
349921 2048
350113 6613
350117 7332
350154 2263
350209 7284
350368 9848
350659 1647
350660 4425
350695 3108
350723 4149
350878 5261
351003 106
351093 6435
351136 9670
351159 1936
351299 4818
351303 9864
351350 6733
351377 7507
351460 7254
351500 7678
351582 2427
351694 3562
351804 4512
351924 1160
352085 8722
352169 621
352181 6116
352267 5067
352274 948
352307 8066
352512 4708
352550 2531
352578 4320
352852 8627
352927 6764
353087 7280
353184 5102
353219 7467
353316 4277
353325 3218
353402 3826
353449 5242
353631 5784
353669 5797
353763 7544
353977 6612
354196 8107
354264 2840
354349 342
354479 6620
354585 3469
354649 3171
354657 7639
354666 3579
354707 4500
354884 596
355074 3940
355109 2134
355140 8761
355241 7208
355413 1030
355643 4820
355707 2527
356019 5591
356233 6108
356309 3888
356401 4534
356428 9213
356588 1661
356647 7973
356697 3000
356936 5843
356957 3311
357002 5303
357052 4979
357263 2989
357300 7425
357418 5819
357835 7359
357987 2163
358176 4629
358391 5279
358592 4054
358908 5737
359024 7243
359039 6745
359115 9334
359137 2984
359315 8901
359344 877
359350 1331
359495 7320
359518 3624
359555 4125
359578 4619
359658 1143
359666 5929
359704 330
359819 6928
360099 1121
360212 132
360304 8618
360332 6209
360509 3010
360714 3953
360731 248
360756 821
360886 8703
360984 2594
361049 9667
361091 2526
361168 4800
361369 1352
361485 8011
361640 4030
362066 9839
362086 1110
362142 1771
362450 6836
362490 5338
362640 6879
362796 5186
362945 7202
362954 2423
363055 8407
363068 1527
363163 1596
363213 1277
363376 7721
363587 4596
363592 6272
363635 9980
363719 6779
363792 3772
363935 3146
364039 7295
364337 1116
364351 1767
364367 6006
364434 6049
364725 3699
364837 8377
364916 3682
364962 4862
365173 4086
365235 5971
365331 4610
365386 5494
365414 7261
365623 6255
365785 1343
365864 8116
365876 1513
365898 266
365985 8829
366031 3997
366125 821
366161 6658
366185 3709
366232 343
366238 2354
366452 6505
366645 1551
366756 9537
366769 4556
367007 2471
367092 5377
367108 3774
367166 2620
367223 9071
367396 8538
367481 378
367521 4018
367836 1720
367837 5569
367868 8052
367960 5611
367975 6947
368059 6997
368093 9773
368098 1869
368172 5779
368373 6669
368438 2641
368466 4628
368467 6524
368636 1635
368727 6193
368921 9366
368980 2292
368984 9774
369153 9212
369343 7651
369345 7405
369381 6421
369393 7503
369446 566
369866 4508
370087 3993
370095 8934
370158 4404
370185 9966
370254 9486
370474 978
370558 8336
370815 4095
370847 7603
370898 2218
370910 6235
370988 9984
371120 2741
371182 571
371193 9661
371301 9575
371474 1467
371621 8025
371730 3711
371745 4890
371870 6172
371997 9698
372011 3261
372202 9089
372235 560
372265 2417
372267 8139
372271 7022
372280 6667
372322 5590
372326 6752
372346 1274
372366 8934
372404 4079
372473 5068
372489 3965
372677 4614
372728 2570
372767 2280
372876 3346
372944 5187
373031 1101
373062 5542
373161 8170
373241 3574
373264 9674
373618 6838
373790 4068
373884 9587
373910 5040
374121 5884
374205 595
374236 195
374276 4132
374334 6319
374417 7127
374595 7802
374667 1425
374763 6709
374776 242
374784 1377
374953 1421
375090 9347
375257 9632
375268 3125
375279 4369
375508 9406
375592 7022
375962 1238
376096 3418
376197 7462
376230 1994
376286 3158
376319 5247
376356 3960
376436 3092
376570 5540
376578 4267
376647 4358
376690 3723
376838 4982
376910 4652
377187 600
377241 464
377280 523
377356 8045
377640 7506
377749 6528
377842 5640
378083 1499
378205 969
378224 7027
378259 729
378340 3992
378353 2923
378404 5206
378457 5359
378517 4466
378807 1632
378821 977
378865 6858
378899 2014
378969 3896
379058 4843
379074 3888
379289 9029
379413 4182
379433 6984
379477 3912
379505 264
379571 1742
379925 8411
379989 7400
380055 8221
380130 2811
380168 9543
380219 3627
380312 9231
380377 4060
380407 528
380460 3245
380479 8252
380498 1480
380798 7555
380913 9206
380991 47
381097 7571
381116 4061
381124 6312
381154 8666
381220 6474
381232 1196
381424 3909
381451 9333
381515 7120
381610 3329
381647 3504
381647 3911
381911 8182
382011 4383
382100 6718
382282 2019
382429 2464
382785 3345
383101 4055
383103 9332
383253 8700
383360 9351
383391 1921
383448 1319
383460 3910
383586 9105
383612 3071
383648 8547
383726 1156
383828 8791
383974 2486
384144 9752
384184 9652
384288 2692
384397 2220
384531 2674
384577 1971
384888 5251
385035 2178
385052 65
385500 4401
385714 6768
385796 135
385845 1251
385847 2934
385880 8785
386199 2327
386269 76
386276 4236
386320 9791
386388 6509
386457 2435
386483 2308
386654 2870
386702 8618
386751 5084
386976 4036
387051 6088
387098 8436
387379 5372
387428 3259
387500 153
387547 9569
387643 398
387752 4511
387797 4002
387867 4897
387879 8200
387880 7529
387962 5483
388041 1637
388157 995
388226 5860
388275 896
388344 6708
388801 5121
388803 9677
388938 7269
389033 8306
389054 828
389281 1981
389571 6260
389605 4770
389732 5169
390060 608
390063 3128
390068 4251
390123 8751
390134 4388
390208 1883
390227 4519
390280 473
390512 6179
390541 8025
390579 1502
390617 5303
390629 9061
390639 126
390639 2064
390683 3667
390761 9466
391054 6514
391153 8446
391482 5336
391674 1110
391915 935
391952 4774
392132 6009
392162 8944
392491 2769
392496 9617
392604 9160
392649 6844
392658 6809
392664 748
392666 3906
392759 2881
392916 855
392939 9293
393031 9945
393108 6997
393136 8377
393430 1466
393546 1181
393655 6797
393675 1370
393846 8990
393879 6515
393978 87
394005 2771
394054 4206
394138 2857
394161 6054
394167 9283
394332 4271
394488 3954
394796 7734
394933 9613
395188 94
395289 5603
395316 3412
395593 5396
395719 7502
395726 8367
395921 6272
395951 2315
396160 7264
396195 5320
396246 9301
396511 10000
396569 7814
396667 7221
396905 6819
397007 9443
397236 1056
397301 8740
397337 5170
397542 4458
397604 8857
397662 5957
397663 4970
397802 7061
397837 1102
397988 1732
398026 5332
398091 3244
398228 399
398283 4272
398327 84
398331 6334
398368 9702
398373 79
398495 3869
398679 9619
398703 7647
398869 8068
399005 6277
399075 9533
399178 8222
399352 1253
399442 7744
399519 6291
399569 3976
399584 7575
399606 9065
399627 6564
399726 437
399816 5867
399859 4882
399992 590
400012 2646
400040 8210
400117 558
400303 2901
400567 2508
400619 1660
400808 2398
400848 5833
400913 8588
400933 5348
401027 2620
401142 1846
401515 7758
401518 8987
401585 5080
401621 5581
401760 2241
401907 932
402335 8930
402346 1381
402379 3880
402436 9707
402593 2450
402736 4733
402736 6836
402788 7820
402835 9204
402840 537
403352 1311
403381 5796
403398 1447
403468 4269
403616 4567
403802 7937
403858 7812
403897 2863
403928 4829
403954 7577
404248 772
404279 1433
404599 6251
404694 6705
404761 1970
404821 6899
405083 8540
405093 4285
405142 6228
405361 1926
405512 5754
405531 3710
405556 177
405583 4893
405595 108
405738 4003
405784 4162
405863 5955
405869 1550
406043 3687
406175 4609
406236 1590
406296 5071
406344 5703
406400 7867
406439 944
406551 7073
406635 8110
406675 2983
406734 9900
406847 4996
406853 2810
406931 8048
407045 3235
407386 8453
407420 9455
407516 4585
407594 7251
407597 7993
407658 8373
407819 1005
407872 1655
408350 9985
408545 6294
408563 8922
408570 9689
408666 8243
408682 1481
408699 8508
408880 9874
408952 3457
409066 5147
409071 4008
409216 3208
409244 4551
409249 2570
409284 8321
409326 851
409357 3033
409435 24
409511 986
409512 8663
409562 9010
409789 1063
409855 4282
409925 5244
409943 666
410181 9059
410189 3391
410257 7995
410425 5067
410433 2728
410606 399
410617 3696
410659 4076
410694 8487
410708 3661
410796 4264
410937 3929
410977 2534
411000 8194
411271 3317
411326 9055
412044 5143
412182 847
412499 7256
412611 3300
412744 2630
412950 3978
413150 6492
413336 3348
413370 935
413637 1147
413702 2001
413721 5548
413810 9604
413921 1833
413926 2531
413929 7525
414072 623
414144 25
414175 2030
414585 8014
414627 1285
414971 9636
415045 2191
415054 2835
415115 8508
415130 4599
415134 7358
415235 5087
415476 3005
415499 6468
415545 6653
415562 925
415680 215
415744 3117
415768 3755
416021 6940
416135 8398
416178 1993
416230 9418
416234 6707
416309 4730
416564 989
416573 3905
416769 2107
416851 5980
416988 1900
417019 8695
417275 1090
417285 2764
417417 2930
417480 8596
417522 7020
417658 4840
417762 5261
417808 7249
417882 5504
417922 8126
418061 3736
418218 3667
418237 336
418247 7839
418248 700
418260 920
418735 9133
418858 5632
419060 180
419709 8600
419776 5110
419779 678
419867 683
419982 6668
419997 1380
420267 5603
420323 4371
420361 3454
420468 7343
420544 9537
420588 114
420632 2432
420742 7201
421033 5757
421067 2327
421116 9870
421212 3856
421329 9458
421345 1388
421385 4212
421415 1476
421539 8614
421763 9179
422044 6865
422098 425
422104 6362
422232 5254
422435 3049
422447 8703
422479 3312
422603 2415
422808 9046
422987 704
422999 8450
423090 5274
423125 4623
423131 3298
423145 7968
423204 7545
423219 1643
423244 3399
423325 6368
423394 6311
423464 6936
423723 1085
423740 4648
423843 9823
423867 488
423896 7316
423901 3118
424060 240
424072 3778
424088 1075
424123 2394
424200 5088
424212 8030
424249 8738
424270 5390
424315 4483
424678 2357
424725 4334
424757 6766
424849 1331
424883 9929
424941 4897
424961 9720
425034 8829
425185 6254
425200 4838
425364 8539
425408 7095
425497 7881
425669 2455
425698 3155
425707 107
425780 762
425967 4339
426046 5151
426054 1953
426156 2470
426469 7177
426496 4603
426581 1669
426645 5279
426667 227
426794 8227
426816 1617
426836 8306
427102 8560
427220 1442
427308 1541
427375 3294
427381 9125
427394 4784
427471 5090
427780 7810
428033 8469
428070 8689
428177 3717
428246 7530
428455 2169
428661 6951
428679 2478
428924 5175
429254 9127
429474 308
429647 1744
429682 7398
429687 5295
429749 1287
429983 7376
430002 3495
430066 1608
430134 8756
430214 9415
430415 6116
430773 4297
430795 4883
430822 5877
430850 8775
430856 4914
431048 5382
431109 7996
431142 139
431159 9288
431249 4322
431352 5827
431359 6136
431372 3491
431408 6538
431454 3216
431564 4381
431597 4574
431650 3372
431818 8058
431874 8730
431890 7534
431925 2761
432099 8928
432342 5769
432397 9205
432462 1473
432605 1934
432736 4333
432922 8081
432927 1039
432941 3754
432990 3345
433103 4155
433152 7967
433238 5766
433338 4066
433400 8421
433467 1704
433561 8820
433600 8796
433667 6547
433693 9324
433765 1709
433908 5977
433971 8627
434356 3233
434547 7336
434613 7076
434644 9962
434742 4629
435116 265
435204 4551
435225 9427
435307 5936
435432 7916
435452 9600
435679 6121
435680 9312
435958 5488
435963 2429
436008 3062
436067 4168
436069 4416
436081 2151
436098 6426
436112 7106
436398 4707
436416 5807
436448 1245
437227 9787
437377 3242
437406 1067
437438 458
437565 9367
437584 938
437678 6997
437863 8203
438232 2904
438261 1391
438347 4470
438348 9117
438531 3937
438565 7614
438664 9174
438700 2569
438805 2640
438988 6174
439084 9172
439110 1064
439114 9553
439212 9360
439309 2827
439493 9675
439557 331
439857 5874
440084 5860
440416 268
440424 8378
440474 6663
440716 3411
440969 9474
441056 4949
441107 4150
441509 6245
441671 9704
441766 6440
441830 895
441871 6951
441883 4557
441961 5185
442034 2731
442036 7786
442036 8856
442053 6041
442067 9987
442309 297
442468 1918
442499 6095
442559 5454
442624 5476
442705 3701
442792 8600
442821 8474
442946 563
443159 7064
443441 6481
443458 3406
443458 8121
443573 6441
443654 3849
443678 4667
443961 500
444005 6400
444294 3370
444474 2533
444529 7898
444616 928
444725 4855
444856 2812
444969 1630
445062 9939
445146 9445
445267 2887
445476 5200
445537 6175
445657 7949
445824 2699
446039 7519
446051 9431
446062 1838
446203 2922
446430 2483
446449 1719
446574 6047
446669 31
446719 5776
446851 7527
446874 5597
446983 4672
447314 6254
447562 6462
447818 7047
447883 6128
447979 8077
448174 303
448257 3451
448347 6583
448364 9854
448391 5214
448431 210
448679 9893
448720 4504
448872 8796
449178 2634
449251 3869
449272 1544
449274 472
449421 765
449438 5002
449595 8989
449695 8226
449780 6804
449925 490
449973 374
450159 2421
450167 3246
450498 5407
450510 4039
450611 6032
450726 3704
450764 7836
450987 912
451044 7663
451092 2233
451316 5446
451317 4382
451320 9467
451468 5858
451540 7453
451668 4729
451760 4930
451771 1857
451777 2571
451819 4878
451867 4186
452055 602
452098 7118
452267 2881
452453 6066
452552 4133
452761 1759
452880 6744
452921 8927
452931 9286
453043 7961
453076 3223
453090 415
453090 8509
453174 1625
453253 5324
453360 1279
453490 7553
453543 734
453716 7704
453735 8814
453764 2392
453784 194
454043 532
454126 6076
454463 202
454497 4028
455033 9600
455359 1187
455539 6740
455658 6469
455783 1041
455817 4937
455823 1283
455917 6725
456159 7730
456195 9072
456254 8299
456263 4627
456458 4345
456498 1986
456509 6932
456591 7114
456638 5966
456865 5265
456898 7276
456905 7475
456917 7844
456934 1933
456937 1477
456997 6661
457049 5115
457081 5272
457135 1675
457159 5023
457232 8158
457304 8991
457356 7468
457437 7129
457476 7832
457513 5561
457590 5435
457626 3335
457725 9660
457797 8207
458146 7053
458381 5977
458551 1872
458649 905
458912 9946
458984 7993
459093 5817
459113 1152
459246 5775
459363 690
459374 9351
459465 8270
459484 460
459573 3307
459605 6049
459757 7717
459760 7940
459952 6051
460084 8983
460237 9162
460394 5531
460554 1332
460751 4876
461149 5503
461192 204
461326 8247
461344 9252
461879 9069
461901 8185
462023 1022
462200 8291
462259 7146
462307 2747
462370 8978
462404 3283
462699 998
462923 9674
463285 6395
463293 4182
463455 3985
463520 3685
463571 5783
463603 3282
463625 3492
463850 8114
463888 9293
464204 1405
464394 6445
464526 4683
464581 2422
464729 4109
464778 9072
464854 9715
465015 342
465144 7900
465190 97
465357 3486
465460 3044
465461 5221
465480 5200
465624 4716
465634 3543
465803 8369
465819 6656
465830 6554
466057 855
466178 5077
466220 986
466221 6815
466298 7074
466357 3479
466719 3761
466734 6822
466763 9181
466798 5640
466813 7550
466994 6323
467162 8809
467234 8435
467549 9682
467800 4121
467894 2927
467923 1537
468039 1018
468157 2239
468279 6233
468308 574
468348 1378
468731 691
469196 796
469307 930
469463 6394
469471 9288
469558 7712
469600 3408
469634 1383
469715 3669
469778 4777
469834 7885
469910 1033
470107 1458
470155 5052
470157 2557
470191 8353
470410 3769
470511 4333
470524 4586
471204 9577
471257 8024
471444 1510
471585 6807
471754 1485
471786 9470
471813 6914
471846 2585
471901 6551
471902 7589
471952 5516
472042 7138
472162 9296
472178 57
472324 9608
472352 9283
472526 4669
472531 9809
472563 5783
472721 1854
472827 4971
473016 4508
473106 426
473118 5197
473172 3010
473223 3507
473493 9908
473619 4641
473654 5174
473759 4965
473794 1663
473833 5436
473997 9033
474034 8390
474038 2541
474073 3739
474125 2485
474356 1231
474375 6688
474442 2949
474503 6160
474523 7078
474578 8279
474633 9522
474643 9423
474714 4689
475029 7893
475090 8596
475258 2995
475346 806
475407 4122
475481 4970
475563 5818
475615 3328
475648 7165
475933 2435
475955 7587
475967 1641
475985 3863
476094 8875
476302 6841
476432 2700
476521 666
476583 4579
476643 347
476752 7504
476774 498
476869 1285
476872 4564
476945 5739
477098 5543
477192 860
477313 3076
477390 8956
477505 6428
477635 7003
477646 9159
477716 8311
477727 9975
477730 955
477932 1179
477974 3528
478036 6402
478098 2236
478176 4242
478345 3472
478543 6011
478608 3850
478608 7527
478955 5292
478956 653
479003 5528
479090 5716
479205 3745
479227 746
479388 5927
479494 6641
479535 6347
479663 5197
479775 9278
479989 9703
480041 6372
480216 5567
480420 1776
480563 5979
480739 6597
480766 9109
480824 6884
480883 3180
480890 5455
480921 857
480922 8714
480928 8081
481002 821
481038 9257
481490 4890
481530 6772
481882 2745
481918 5960
481931 9111
482110 4971
482135 2731
482273 8019
482308 3501
482526 3701
482554 1297
482751 2055
482855 5983
483008 2514
483109 563
483137 4684
483189 5120
483201 2145
483392 9417
483479 8392
483489 2199
483496 2253
483704 3128
483728 6698
483973 6682
484021 8502
484125 9236
484296 1288
484384 9080
484515 2175
484522 1105
484677 6176
484718 7981
484774 4154
484778 6700
485040 3152
485053 3189
485426 8667
485456 7259
485964 4352
486050 5343
486512 6651
486584 7285
486588 522
486606 7179
486607 6261
486668 8909
486677 904
486688 9508
486693 1723
486733 4503
486754 7234
486934 5588
486962 8324
487043 7170
487245 3880
487356 6266
487547 6142
487597 3596
487601 7836
487644 3940
487764 3771
487845 8127
487874 2247
487945 295
487957 8385
488076 4135
488214 8660
488339 2003
488407 1873
488424 8797
488436 3690
488509 9297
488668 8221
488814 4722
488818 6705
488883 2981
488928 3926
489031 8690
489077 9010
489200 6063
489211 886
489244 1676
489283 8229
489379 7253
489383 8412
489391 8967
489533 9017
489572 8700
489582 5547
489608 2643
489800 5452
489862 281
489933 6008
489949 5048
490088 1133
490088 6274
490218 8351
490281 8193
490320 2368
490382 7344
490412 8029
490509 608
490540 5684
490633 6571
490975 114
491018 8030
491121 5161
491257 9442
491345 8929
491648 2206
491677 6075
491716 8925
491798 7271
491920 8980
492168 3117
492235 6886
492401 4814
492535 8095
492593 675
492624 2466
492646 4156
492684 6249
492699 7659
492774 9610
492841 7971
493117 4301
493198 4979
493334 544
493376 3154
493456 1160
493492 1647
493499 2058
493728 9274
493736 5809
493859 7820
493951 3089
493962 2466
494380 8712
494387 3921
494392 8547
494493 2857
494663 9332
494718 3273
495132 3494
495263 38
495385 4649
495488 2140
495552 1434
495612 7217
495728 8402
495770 3211
495790 6451
495793 8487
495818 3178
495860 6695
495869 8620
496101 3129
496296 6950
496558 2402
496569 794
496582 6267
496670 196
496680 5889
496697 8091
496709 5595
496766 677
496769 1663
496835 8805
496877 4926
497093 2694
497191 8959
497431 5963
497555 6812
497587 6293
497623 4456
497718 825
497741 6147
497746 4220
497952 2627
498097 3467
498104 6003
498107 5245
498180 377
498209 1218
498392 7085
498539 7378
498596 5635
498710 8359
498917 3432
498961 8841
499009 9187
499026 4778
499257 9489
499324 7383
499510 8275
499580 786
499633 6326
499642 4009
499695 6422
499920 1511
