10 100
738 95
6234 12
6534 68
11675 43
12858 42
32962 28
47045 66
52741 7
55697 64
57201 79
63308 29
65458 6
67734 43
70531 64
73676 3
74710 38
79981 19
93780 48
94521 90
95760 35
104195 24
105421 17
107080 67
107471 83
111001 3
112291 99
125357 65
125945 48
135219 37
147338 16
167366 79
175921 97
180296 42
182126 52
187074 9
189072 86
193888 95
195396 20
200052 82
200560 16
210729 67
221860 46
226663 42
234644 31
241138 34
247626 74
248792 44
249638 88
255544 8
258745 39
260709 66
268506 68
271758 48
272322 77
273532 31
276168 25
281695 21
283606 1
286161 71
299426 30
302532 6
303292 71
310821 59
313852 49
318910 75
323214 27
326918 96
328385 23
349680 88
351488 80
359483 97
361222 96
377751 34
380765 33
380860 13
384319 76
386843 62
401669 43
401912 7
406925 50
411344 14
414087 91
418151 17
420229 83
431310 66
439096 66
441373 23
444710 100
445761 45
450611 83
451399 89
453844 48
455053 7
456675 71
473405 26
475460 95
487969 74
488090 74
492627 7
498499 63
