7
40 38 12 32 8 16 26 42 5 45 46 34 9 22 39 7 24 19 13 14 2 27 43 25 6 29 36 28 11 23 18 15 10 17 49 30 41 3 21 31 37 44 33 48 47 20 4 1 35
39 5 22 29 33 6 44 43 19 7 48 11 41 37 8 16 45 28 17 1 3 12 4 32 9 20 49 14 30 42 38 25 21 34 24 47 10 15 36 46 26 35 13 40 18 2 27 31 23
25 19 36 30 41 7 15 1 12 17 4 24 13 29 22 47 37 21 18 9 31 26 38 39 35 11 33 23 46 3 5 28 40 20 44 48 2 14 27 32 8 34 6 49 10 42 16 45 43
20 14 11 28 45 48 3 31 26 40 18 39 27 49 41 30 23 43 25 15 35 2 46 42 24 10 21 1 37 8 33 32 13 9 47 7 22 16 5 4 19 6 29 12 17 36 38 34 44
27 37 17 46 31 47 1 33 8 14 2 35 6 36 20 40 12 38 48 10 34 44 19 13 22 5 15 18 45 43 26 16 7 29 4 42 49 39 24 9 23 25 28 30 21 41 11 3 32
24 21 2 34 42 18 13 10 3 32 25 23 28 38 44 49 33 5 6 27 4 41 16 37 30 31 8 47 36 22 1 19 48 12 35 45 29 17 43 11 20 40 46 9 15 14 39 26 7
9 4 43 23 35 49 10 16 15 30 47 21 44 20 36 11 42 46 32 26 29 17 7 34 48 45 40 3 31 41 39 27 2 14 6 38 13 12 18 1 28 33 22 37 24 25 19 8 5
8 10 34 4 27 38 16 5 24 19 1 2 45 9 26 6 18 37 44 13 36 28 17 14 20 21 23 33 29 12 30 41 11 47 48 46 43 25 32 3 49 31 42 7 22 40 35 39 15
37 24 15 7 2 29 11 46 34 12 39 20 35 42 48 1 17 3 49 47 23 22 31 43 8 44 16 40 6 32 13 38 28 25 18 4 5 21 19 36 30 14 27 45 9 26 41 33 10
46 33 19 48 32 31 21 41 6 15 8 43 30 27 35 4 39 42 20 7 10 29 12 9 49 34 2 13 16 14 17 36 23 26 1 24 40 38 44 47 45 22 11 25 3 37 18 5 28
44 25 18 5 36 3 42 17 11 23 22 40 31 47 2 9 15 29 38 43 45 48 10 30 1 39 32 41 34 24 19 35 33 37 27 12 26 7 28 6 16 8 21 13 20 49 14 4 46
12 47 35 14 1 26 43 44 36 29 28 33 4 16 11 31 30 22 34 40 21 6 25 3 37 7 18 5 20 10 49 42 45 15 46 9 17 41 2 39 27 13 32 38 23 48 8 24 19
17 28 45 39 20 9 41 48 38 49 21 13 25 3 32 8 46 14 19 24 33 47 27 11 42 4 35 26 2 40 43 7 22 31 5 15 18 1 34 23 10 37 36 6 29 30 12 44 16
22 49 30 13 6 40 23 32 37 10 26 18 7 14 25 5 28 12 27 41 16 24 36 45 38 15 19 46 44 9 3 4 39 21 8 29 33 48 11 35 42 20 1 47 2 17 34 43 31
28 20 8 37 11 45 7 26 21 13 10 1 18 32 40 46 2 27 4 3 49 5 41 23 36 35 34 12 22 19 29 39 31 44 9 16 42 33 47 14 25 38 15 24 6 43 48 17 30
29 44 5 17 18 24 39 36 48 47 30 9 46 35 42 37 41 32 43 25 13 49 1 26 33 14 20 31 10 16 11 23 6 4 38 8 12 40 3 22 21 15 45 2 7 27 28 19 34
35 12 48 10 16 46 31 3 17 2 44 38 40 45 29 19 7 11 39 6 22 9 8 18 21 27 47 15 33 34 14 30 49 28 25 36 4 26 1 24 5 43 37 42 32 23 13 20 41
38 6 1 42 34 33 49 28 25 41 5 29 39 24 18 10 47 30 36 23 15 45 44 16 2 3 46 7 32 48 20 12 8 43 37 31 19 11 17 13 35 27 4 14 26 21 40 9 22
36 13 40 41 47 14 4 23 16 34 27 19 43 15 33 45 35 8 21 17 5 37 30 22 28 6 25 42 24 26 46 18 3 7 2 10 44 32 9 20 39 48 38 31 11 12 1 49 29
30 43 26 21 23 25 32 22 20 8 6 14 33 7 34 48 31 16 24 12 9 38 29 19 4 17 11 39 15 13 42 47 1 27 40 28 45 2 37 49 41 46 3 44 5 10 36 35 18
15 2 27 3 22 19 9 4 42 37 31 49 11 12 14 26 44 20 1 28 38 13 32 48 43 40 24 10 41 45 21 5 35 36 17 18 23 6 30 29 34 7 16 8 46 39 25 47 33
18 34 33 45 49 28 2 47 43 22 13 37 32 4 46 23 27 31 7 11 24 25 39 15 3 12 9 19 38 6 40 17 5 30 20 41 35 42 14 8 48 21 26 10 16 1 44 29 36
11 9 25 31 14 39 29 12 1 35 16 30 36 44 13 17 22 41 47 33 48 4 24 5 45 2 27 43 49 15 23 37 42 3 21 34 46 18 10 26 6 28 8 19 38 7 20 32 40
1 42 23 24 5 8 48 40 18 11 38 3 2 34 43 29 6 35 10 16 32 30 20 28 41 36 7 21 25 44 31 26 47 45 12 33 27 13 39 19 4 17 9 15 49 22 46 14 37
19 17 7 15 44 20 35 29 46 5 9 25 14 10 38 42 21 34 26 30 12 31 13 47 18 8 37 16 48 36 22 33 41 32 28 43 1 23 40 2 3 49 24 4 39 6 45 27 11
21 3 16 22 38 4 46 19 41 6 7 45 42 28 37 15 20 40 5 49 39 33 26 17 10 1 48 29 14 35 27 2 24 8 13 11 9 36 12 25 44 32 31 34 30 18 43 23 47
47 41 6 12 30 32 40 15 33 39 20 27 26 21 9 3 14 4 8 36 28 46 11 38 23 49 44 34 43 18 16 1 19 10 29 5 24 37 22 7 31 45 48 17 25 35 2 13 42
10 36 13 43 26 27 37 8 49 24 23 31 48 17 1 25 19 44 45 2 18 32 40 35 14 22 42 6 4 7 9 11 34 46 39 20 15 30 29 38 47 16 41 5 12 33 21 28 3
2 40 47 49 21 23 25 9 44 1 12 48 34 11 28 27 13 17 37 8 14 7 33 20 16 24 29 36 26 31 32 46 38 39 41 35 30 5 6 42 18 19 43 22 45 15 3 10 4
43 27 10 38 4 22 45 25 28 31 40 7 47 46 15 34 49 39 29 20 44 19 14 2 17 26 30 32 42 11 35 21 18 13 3 37 48 9 33 12 24 36 5 16 1 8 23 41 6
48 39 41 11 37 34 18 27 45 42 15 26 5 43 3 21 4 1 16 22 7 23 9 6 12 38 13 8 47 25 24 14 30 2 36 32 20 10 46 44 17 29 35 33 28 19 31 40 49
16 29 44 6 9 15 14 13 32 21 41 36 8 30 12 38 43 45 33 42 26 35 18 46 5 37 3 48 40 20 7 49 4 19 10 1 47 28 31 34 22 23 2 39 27 24 17 11 25
31 46 32 36 17 30 5 39 22 38 35 4 23 2 47 24 9 25 40 19 6 10 49 27 11 42 28 45 12 1 44 48 43 33 15 3 7 8 26 16 14 41 20 18 34 13 29 37 21
7 1 20 33 12 42 8 18 10 3 24 17 37 19 23 32 5 2 46 35 11 40 15 31 39 41 43 44 28 29 45 6 16 22 34 25 21 49 38 27 13 4 47 36 48 9 26 30 14
26 35 3 19 24 13 28 6 29 20 14 16 49 33 10 36 48 18 41 31 30 1 22 21 34 47 4 25 17 27 8 9 37 5 23 39 11 45 15 43 40 2 44 46 42 38 32 7 12
34 15 21 44 39 11 19 45 40 18 36 28 10 13 24 20 25 9 35 29 42 43 48 12 26 23 31 2 8 46 37 3 14 1 22 6 32 27 49 5 7 47 30 41 4 16 33 38 17
45 26 31 40 7 17 22 37 4 43 3 42 24 6 21 13 16 49 2 5 47 34 35 10 15 32 41 11 39 30 48 20 29 38 33 44 25 19 8 18 46 1 12 23 14 28 9 36 27
14 16 24 35 25 37 33 7 39 46 49 22 21 8 4 41 38 15 12 32 40 18 3 29 47 30 1 20 5 2 36 13 27 11 45 23 28 31 42 17 43 9 19 26 44 34 10 6 48
42 30 9 27 13 5 38 2 14 48 32 47 1 41 6 28 34 33 22 45 46 8 21 36 44 16 17 24 19 49 25 40 12 23 31 26 37 4 20 10 29 11 18 43 35 3 7 15 39
41 23 28 47 29 2 12 11 30 9 17 15 20 31 19 43 36 7 3 48 1 39 5 33 46 25 45 27 35 4 6 10 44 18 26 14 16 34 13 40 38 24 49 21 37 32 22 42 8
49 48 46 20 3 10 36 35 23 33 29 44 38 5 27 14 8 26 11 18 17 42 37 40 19 13 6 4 7 28 34 43 9 16 32 21 39 22 41 15 12 30 25 1 31 45 47 2 24
32 18 4 8 43 1 6 34 27 25 19 12 16 26 31 44 10 23 30 39 37 14 28 49 7 9 38 22 21 47 15 24 17 41 42 2 36 35 48 45 33 3 40 11 13 29 5 46 20
33 11 38 25 15 36 34 20 13 4 42 8 12 18 49 22 32 47 14 21 43 3 45 41 27 48 39 35 23 37 2 29 26 24 19 17 31 46 7 30 9 5 10 28 40 44 6 16 1
4 7 42 18 48 21 17 30 47 28 37 46 19 40 5 35 3 24 23 34 27 11 2 8 32 33 22 9 13 39 10 44 36 6 16 49 38 29 45 41 1 12 14 20 43 31 15 25 26
6 45 37 1 40 12 27 24 35 36 43 32 3 25 16 33 26 48 28 4 19 20 34 44 31 46 10 30 9 5 41 22 15 49 7 13 14 47 23 21 2 39 17 29 8 11 42 18 38
23 22 29 16 19 44 20 38 9 26 45 6 17 1 7 39 11 36 42 37 25 15 47 4 13 28 14 49 18 33 12 31 46 40 43 27 8 24 35 48 32 10 34 3 41 5 30 21 2
5 31 49 9 28 35 30 21 2 44 34 10 29 23 45 12 1 6 15 46 41 36 42 7 40 43 26 38 27 17 4 8 25 48 14 19 3 20 16 37 11 18 39 32 33 47 24 22 13
3 8 39 2 10 43 47 14 7 27 11 41 22 48 17 18 29 13 31 38 20 16 6 24 25 19 5 37 1 21 28 45 32 42 30 40 34 44 4 33 15 26 23 35 36 46 49 12 9
13 32 14 26 46 41 24 49 31 16 33 5 15 39 30 2 40 10 9 44 8 21 23 1 29 18 12 17 3 38 47 34 20 35 11 22 6 43 25 28 36 42 7 27 19 4 37 48 45
