10
83 29 50 5 63 65 59 8 84 33 56 98 40 68 49 82 16 2 99 53 62 6 80 35 13 39 30 28 61 70 74 87 45 1 37 22 100 73 19 47 97 69 51 25 57 41 36 17 9 88 86 10 42 76 31 44 72 26 67 55 12 93 3 43 52 11 34 38 95 79 58 64 81 54 7 20 71 4 66 48 18 92 32 85 94 60 46 91 24 27 89 23 14 75 21 90 77 15 78 96
81 92 10 16 19 56 67 14 97 23 13 22 1 80 45 65 64 29 71 8 4 50 78 77 20 100 17 3 59 89 7 66 46 53 62 34 72 18 91 98 26 33 68 47 85 83 54 21 15 35 39 40 63 32 27 24 79 11 12 96 87 51 57 41 9 70 61 42 90 37 95 36 31 73 30 5 86 55 52 60 75 82 43 6 44 49 76 25 38 88 2 84 94 28 69 58 74 93 48 99
68 43 6 49 87 38 24 77 72 39 75 94 73 31 63 27 5 15 3 21 56 40 97 85 41 91 82 22 48 86 60 61 9 54 76 96 64 90 28 33 53 58 55 18 81 44 50 19 32 74 84 98 95 89 23 30 70 57 71 20 1 66 25 88 92 36 69 59 45 83 80 2 12 47 10 13 37 100 35 17 42 14 11 93 78 99 67 7 52 79 4 46 34 62 26 16 8 29 51 65
31 11 22 41 17 7 100 74 2 12 44 35 46 62 39 52 23 85 50 72 42 54 16 36 60 69 64 21 27 33 4 88 26 32 5 59 81 29 67 57 24 89 37 75 92 73 6 38 34 63 1 68 82 45 93 78 94 9 51 66 58 86 91 53 55 99 14 56 48 28 70 65 97 15 8 84 43 77 96 90 71 19 83 87 30 80 40 10 98 95 76 49 25 79 18 47 20 61 13 3
27 42 57 21 76 13 99 86 60 40 20 43 41 69 78 9 47 55 66 89 79 73 58 14 11 19 98 12 93 88 95 49 23 16 25 24 38 84 75 94 2 22 96 87 4 67 1 71 10 91 33 35 81 74 59 28 90 52 48 7 97 46 85 80 64 65 6 44 17 8 34 39 63 51 61 92 18 26 53 45 72 77 29 62 15 54 37 100 31 3 30 83 32 82 36 50 68 70 5 56
82 52 36 71 73 47 48 34 15 96 84 51 58 87 100 54 42 26 92 86 99 18 25 24 75 44 32 38 7 23 85 65 89 8 6 63 69 41 55 79 72 78 13 80 76 39 20 70 93 66 43 37 56 14 53 22 16 19 2 77 67 31 30 49 33 29 4 35 27 50 3 74 88 11 83 40 62 94 59 46 61 5 97 45 1 28 21 12 68 90 57 91 81 64 60 9 10 98 95 17
93 3 69 45 55 62 80 9 91 94 88 74 48 24 11 28 18 6 37 38 46 67 96 83 76 53 72 68 84 10 58 35 20 40 30 14 42 39 15 21 8 99 61 82 56 29 95 77 12 90 4 17 25 97 50 73 64 36 5 87 89 23 13 100 98 7 47 71 63 60 78 41 79 49 27 16 32 44 75 1 2 34 70 66 57 65 59 51 81 26 52 31 33 19 85 22 86 54 92 43
90 18 20 66 26 51 58 37 64 1 91 7 77 17 59 70 30 93 34 25 95 87 65 5 52 57 15 55 29 74 82 86 97 3 43 36 27 68 12 2 45 98 60 84 79 62 14 28 46 31 83 99 47 8 100 49 92 61 13 54 16 96 32 78 94 19 81 10 75 22 24 89 23 42 56 21 67 69 85 76 73 41 39 9 48 53 63 33 4 50 40 72 71 6 80 44 35 38 88 11
28 75 53 79 95 89 54 70 35 61 90 4 33 10 14 81 19 12 32 36 92 47 2 8 1 37 9 63 94 31 17 83 71 50 52 13 44 78 48 51 43 100 64 49 11 5 16 3 65 30 91 88 34 38 85 60 6 41 80 46 62 26 77 72 76 40 18 39 15 21 22 98 29 87 25 57 93 68 82 99 86 74 55 23 20 69 58 96 56 84 59 24 7 67 66 45 97 73 42 27
85 88 32 4 25 30 44 46 98 78 95 97 83 67 61 79 57 76 60 96 45 49 51 71 81 34 26 43 90 66 93 77 10 11 70 80 56 31 99 92 86 59 27 23 42 7 40 94 48 52 3 18 58 75 62 29 65 21 69 15 82 74 84 5 73 54 24 68 20 2 38 14 72 19 33 50 28 6 91 9 36 16 89 35 13 17 8 22 47 64 39 100 53 41 12 55 63 1 87 37
21 62 99 30 3 72 4 49 23 47 32 64 9 27 37 18 1 57 6 20 69 33 56 40 19 54 89 70 63 26 76 17 68 83 7 16 13 42 78 24 11 41 2 38 28 36 46 80 35 43 55 92 61 86 25 82 8 66 65 5 29 94 39 59 22 44 31 48 12 10 52 79 90 95 81 45 77 93 84 15 98 51 60 34 88 96 73 53 50 91 58 75 74 97 71 67 85 100 14 87
29 74 19 78 18 88 36 75 11 98 47 39 95 22 46 51 68 42 45 62 72 58 66 32 71 55 43 82 77 8 64 97 12 6 81 31 96 21 54 1 92 83 26 94 14 10 13 60 69 4 17 52 2 70 91 9 100 79 7 34 23 16 89 28 49 87 35 90 67 33 40 44 27 63 20 73 99 48 50 41 85 59 86 30 5 25 57 56 80 38 15 93 61 84 65 3 37 53 76 24
67 79 51 9 61 39 42 83 65 100 33 36 24 59 88 15 99 41 74 19 11 53 62 17 34 81 46 87 96 91 86 30 14 66 4 90 52 75 92 95 7 16 40 71 31 72 93 56 47 22 45 43 50 73 89 76 57 27 38 84 77 21 55 97 1 60 20 80 78 3 23 49 26 18 85 64 10 82 58 98 28 8 37 68 35 63 6 94 29 48 25 70 2 32 5 12 13 44 69 54
59 64 13 97 14 26 10 73 57 92 80 16 78 85 8 31 53 96 29 12 25 61 88 47 51 74 65 52 4 60 28 37 98 63 77 79 20 3 100 49 84 91 66 6 39 21 44 23 87 34 75 42 94 33 22 19 46 1 18 48 15 71 93 95 69 41 45 58 5 40 11 38 76 17 70 24 36 2 55 30 82 43 54 72 32 27 90 67 9 81 83 50 99 86 89 68 7 62 56 35
46 66 48 81 27 58 96 91 41 37 17 93 98 38 10 75 69 50 79 82 36 84 21 13 28 31 7 2 97 99 33 55 43 61 94 88 71 8 89 5 15 62 30 73 12 100 86 24 68 85 47 56 77 44 90 74 87 16 60 35 76 57 54 65 53 63 92 72 26 42 32 3 1 14 67 34 25 83 9 39 19 4 78 64 40 18 95 70 11 52 22 59 6 20 45 29 51 49 80 23
6 44 52 60 53 76 89 17 82 5 11 66 84 3 90 4 54 21 7 28 98 78 79 73 95 9 24 67 39 18 2 41 72 48 45 74 93 22 59 70 96 97 77 64 88 65 25 61 63 37 81 15 14 49 71 62 23 85 10 31 86 56 43 91 30 68 46 99 50 32 12 100 92 69 19 80 29 51 13 35 47 42 58 20 16 75 83 1 33 87 38 57 36 94 40 8 55 26 27 34
50 31 93 54 24 68 20 15 38 56 25 5 87 76 30 86 73 100 2 91 16 85 92 48 44 75 29 14 45 57 10 23 36 34 82 27 11 35 39 60 42 52 49 67 90 53 3 32 19 58 6 21 69 12 99 59 40 78 28 80 4 70 47 83 61 51 88 9 13 98 33 96 7 74 66 8 65 72 37 94 97 89 79 55 62 84 22 41 26 71 64 18 17 77 43 63 46 95 81 1
25 84 33 87 12 85 34 16 45 95 61 72 70 40 55 49 56 35 14 43 93 100 86 76 27 80 10 94 15 38 69 58 29 26 9 67 57 50 65 32 75 54 1 48 98 20 89 8 51 79 63 83 97 53 30 4 37 13 3 41 18 2 96 64 19 74 62 81 73 7 71 88 28 5 59 31 46 22 68 6 99 39 17 21 92 44 24 77 23 36 78 60 90 66 11 82 42 47 91 52
70 94 2 63 80 35 55 1 22 28 77 81 92 71 48 34 89 67 13 52 12 83 90 59 68 41 23 30 5 3 19 51 87 44 40 46 62 38 85 73 57 18 99 95 29 50 78 82 45 27 20 26 32 54 11 58 39 93 64 24 25 14 75 84 17 37 8 100 36 6 43 53 56 91 16 86 60 97 42 47 69 7 76 15 74 61 65 49 10 66 31 21 79 33 96 4 98 88 9 72
86 8 77 40 7 90 69 71 32 43 63 44 23 83 97 60 65 58 94 26 50 42 1 20 6 64 49 35 22 37 47 91 25 15 80 53 18 99 56 84 81 17 5 55 9 74 33 76 70 59 95 29 88 36 98 72 96 51 68 67 34 82 52 27 85 24 66 79 38 11 62 87 78 61 57 75 4 21 54 89 46 100 93 2 14 45 31 13 3 12 16 73 10 30 92 41 48 39 19 28
3 70 80 46 64 42 37 96 47 10 40 33 81 19 66 95 76 43 21 16 22 45 74 53 26 72 68 65 99 75 14 38 31 78 69 44 7 86 52 8 93 34 59 77 71 12 73 11 25 1 51 20 55 85 18 2 5 92 100 17 30 91 87 9 32 50 94 83 88 84 79 82 60 62 6 54 56 41 24 63 4 27 15 29 58 57 61 23 36 98 90 35 39 48 49 89 28 13 67 97
22 100 97 24 71 9 17 81 92 16 39 65 2 74 38 72 11 34 55 47 90 69 3 1 91 32 70 25 41 80 36 21 40 79 12 66 63 89 50 58 68 76 8 46 87 26 43 86 98 18 14 27 84 56 33 15 31 30 83 23 42 6 28 93 7 78 13 77 64 29 67 45 99 20 51 48 52 61 94 37 10 49 35 19 60 82 44 75 5 85 95 62 54 53 73 57 88 96 4 59
74 90 15 36 60 27 86 29 39 67 68 59 50 23 75 57 79 46 91 54 21 31 13 63 58 18 88 61 78 24 77 32 6 55 51 5 28 25 93 87 37 9 44 17 7 82 42 49 92 83 71 1 35 19 26 94 76 22 98 53 48 4 14 69 70 89 99 41 10 100 16 95 73 64 43 96 2 47 81 97 66 65 3 8 45 52 12 62 40 72 11 56 38 34 84 80 30 85 20 33
43 76 91 77 2 53 63 79 20 6 86 41 8 82 89 93 35 83 5 22 44 10 55 96 57 60 28 47 33 97 70 100 30 71 56 61 23 17 45 46 27 48 78 99 80 90 38 64 84 54 16 13 59 4 87 75 50 3 21 39 66 62 68 73 65 49 85 31 52 19 98 15 40 34 72 36 58 18 32 12 51 25 14 11 67 88 94 69 95 37 26 7 24 1 29 42 92 9 74 81
33 48 89 99 58 41 98 18 83 30 3 45 52 56 27 20 90 78 87 49 39 38 11 66 59 16 76 9 36 82 80 68 67 92 15 94 74 34 95 97 51 2 88 60 24 61 21 53 14 55 32 12 79 47 8 81 25 72 62 37 57 5 26 40 23 35 44 46 86 54 29 85 93 75 28 65 84 7 4 42 96 17 1 91 73 77 13 71 63 100 70 19 64 69 6 43 50 31 10 22
87 34 11 56 32 14 45 35 54 4 10 70 7 28 12 42 97 94 15 80 71 95 52 29 64 67 62 92 79 100 9 82 57 18 49 81 84 13 73 48 74 66 41 85 19 6 23 16 89 40 69 44 36 24 88 65 91 63 96 38 98 60 72 61 51 25 75 37 33 20 39 22 53 59 1 27 8 90 30 86 31 26 99 83 47 43 50 76 93 46 55 78 58 68 17 77 21 3 2 5
23 78 55 25 59 5 50 31 94 72 26 85 32 96 69 84 62 9 18 13 17 48 40 54 93 4 73 89 12 20 27 19 88 60 42 83 37 53 2 99 56 29 63 3 47 33 35 97 30 65 41 6 57 7 86 52 61 58 43 68 38 95 34 67 79 71 1 82 81 36 49 76 11 44 100 77 74 14 10 70 90 22 87 28 80 64 39 24 92 21 66 45 51 8 91 75 16 46 98 15
69 51 82 95 65 57 40 38 7 62 58 61 37 4 53 64 77 99 44 14 2 15 30 42 49 5 8 83 98 56 1 75 59 85 33 35 16 47 26 10 20 96 52 100 36 28 70 22 79 32 54 9 45 11 29 46 73 67 34 93 90 39 21 92 43 27 80 12 24 63 13 31 17 50 3 66 91 23 19 88 81 97 48 78 68 74 84 55 6 89 86 94 60 87 25 72 76 18 71 41
49 21 85 12 68 52 73 88 13 8 30 67 31 6 25 92 48 60 1 100 43 7 19 86 50 14 84 34 23 51 41 24 96 64 65 62 29 91 98 22 95 57 72 39 75 15 4 81 58 94 10 66 40 80 28 70 77 90 99 42 17 11 74 45 47 18 3 16 97 76 5 69 87 46 26 35 89 71 78 55 9 2 53 59 56 79 38 20 54 33 93 63 27 61 82 37 36 32 83 44
44 61 26 84 1 28 19 93 75 66 36 88 17 51 24 71 29 98 73 63 37 77 27 6 94 85 87 81 35 46 72 76 11 43 90 4 39 20 3 54 69 50 62 10 13 91 45 67 31 5 97 89 49 78 95 64 48 60 82 74 55 15 56 8 59 2 53 22 58 96 83 33 68 9 80 25 21 92 57 38 7 30 18 70 41 34 42 16 86 32 79 40 47 100 23 52 65 12 99 14
17 87 92 39 100 4 32 21 18 90 46 52 45 99 85 35 49 79 80 75 59 16 41 37 29 27 58 73 91 67 51 62 34 57 53 30 86 24 60 76 63 19 81 43 44 84 26 20 1 78 22 69 11 72 5 96 98 15 36 70 56 38 50 23 97 61 7 28 66 88 10 8 55 31 74 6 68 95 14 77 40 64 2 82 25 71 9 48 83 47 65 33 12 13 3 93 54 42 94 89
13 73 81 38 15 8 49 58 67 46 55 96 68 72 23 47 22 37 69 2 70 88 50 7 5 30 54 51 60 43 29 25 28 9 91 64 83 94 97 74 40 56 95 16 34 71 24 48 82 80 21 14 87 93 4 90 62 10 77 26 35 78 20 52 36 59 86 6 84 65 42 12 33 89 11 53 39 63 76 75 45 32 66 98 79 3 17 99 1 18 27 85 100 44 41 61 19 57 31 92
65 30 79 3 5 84 70 64 44 68 62 83 93 63 57 88 43 97 24 48 28 80 72 95 66 99 85 15 40 36 73 90 16 59 8 33 17 87 1 31 25 27 38 74 22 98 12 6 13 7 56 91 86 37 42 35 75 23 47 2 11 81 18 39 100 92 60 19 32 45 54 50 21 29 34 82 49 20 46 67 53 61 94 89 51 10 41 26 69 4 96 71 76 55 77 14 78 52 58 9
88 96 98 33 57 36 78 51 6 76 53 86 26 44 16 19 21 77 27 61 24 90 46 68 82 8 97 75 11 93 89 48 95 14 100 10 15 66 42 12 35 4 85 83 30 9 59 2 18 70 34 94 65 13 55 99 1 25 79 52 63 49 69 3 31 80 73 64 72 71 28 91 32 40 41 56 92 37 45 7 43 23 20 38 84 67 29 60 58 54 50 47 22 17 81 62 87 5 39 74
41 71 60 62 54 74 47 40 27 82 9 89 56 58 6 38 34 3 36 11 78 20 31 19 48 49 83 57 100 69 18 39 63 96 75 99 32 92 44 13 29 79 93 65 23 97 10 37 67 77 7 50 73 68 24 85 84 88 30 59 95 17 94 14 2 76 22 33 43 55 87 90 15 4 35 70 61 52 64 25 8 28 80 12 21 81 72 5 46 42 98 16 1 51 53 26 45 91 66 86
9 25 83 23 28 80 95 97 1 86 76 10 39 30 92 8 15 66 84 40 55 56 71 64 17 89 22 4 6 98 78 47 41 52 2 77 88 85 20 37 50 3 31 42 33 75 49 54 21 45 61 58 60 81 46 67 29 53 19 43 26 44 5 70 62 13 74 87 16 12 51 27 59 48 73 94 57 65 38 72 68 11 96 100 36 24 93 63 91 14 99 82 69 35 32 34 79 90 18 7
12 24 94 19 72 22 53 26 55 34 50 73 59 90 7 87 20 33 31 95 84 35 61 39 25 47 42 23 21 52 6 56 65 38 36 69 67 11 70 71 17 88 58 66 32 86 51 14 28 96 82 80 41 63 78 97 9 89 45 100 91 98 46 4 68 93 83 29 54 57 18 16 5 1 13 79 3 81 99 62 92 15 74 77 49 85 30 44 27 76 8 48 43 40 64 10 75 2 37 60
14 7 63 10 52 11 35 56 43 48 78 1 12 5 60 29 91 13 42 32 3 65 77 9 96 86 45 74 76 62 50 98 49 4 61 54 22 23 84 81 94 64 92 72 68 55 47 39 53 87 27 95 44 51 57 16 28 18 17 71 37 41 40 79 89 85 58 8 82 99 69 66 2 97 88 100 30 24 93 26 6 90 31 75 70 19 33 73 34 59 20 36 21 46 38 15 67 83 25 80
61 45 75 91 50 29 16 99 69 2 70 17 71 18 74 98 82 25 64 81 94 14 53 79 87 26 38 33 34 1 46 80 93 35 68 58 5 19 27 40 76 90 89 11 100 8 15 73 52 41 12 3 54 6 32 20 66 31 49 92 10 24 67 48 42 77 96 21 51 47 9 84 44 22 36 43 23 60 83 85 57 86 7 65 37 13 55 39 78 62 97 95 28 56 30 88 72 63 59 4
37 59 66 31 89 20 93 42 85 77 28 14 100 54 94 41 4 51 67 65 10 2 63 81 92 13 18 44 32 12 21 3 7 72 79 45 26 55 43 82 36 5 69 57 61 99 60 62 91 46 40 39 8 83 64 33 38 48 74 76 53 30 1 75 34 90 9 27 25 15 47 86 19 96 98 58 17 80 71 78 95 50 88 56 22 87 35 52 16 97 73 6 11 24 70 49 23 84 29 68
18 69 25 82 16 97 8 80 10 21 89 53 44 50 95 5 63 75 78 29 74 79 94 15 90 98 14 100 86 22 39 60 47 36 34 20 41 30 64 27 91 61 46 62 45 58 19 12 26 67 35 55 31 42 38 48 99 71 6 85 51 73 23 11 37 4 43 3 83 13 17 24 49 52 87 59 54 66 33 40 88 70 84 1 81 93 7 57 72 77 56 65 92 2 9 32 96 68 28 76
24 91 58 96 43 61 68 30 52 84 14 60 27 48 87 94 72 4 88 6 75 44 23 82 36 65 11 50 66 92 67 59 79 74 63 26 53 9 10 85 55 95 73 29 69 3 77 42 80 89 46 5 16 98 17 54 93 49 20 28 32 34 33 18 40 100 38 97 19 86 76 99 25 70 2 81 1 12 8 71 13 83 64 37 90 56 47 15 62 78 35 51 45 22 57 7 31 21 41 39
36 20 44 53 99 54 41 62 71 88 18 77 86 47 1 10 80 7 83 15 9 17 57 52 63 56 27 91 24 32 55 31 33 2 58 87 51 46 35 78 28 40 76 81 8 37 68 79 72 75 92 74 66 82 70 84 43 59 26 95 61 12 90 29 16 30 64 45 89 48 21 34 100 6 60 4 22 73 97 96 49 3 42 14 39 98 23 19 65 69 85 13 93 11 94 5 25 67 50 38
64 40 7 89 98 95 85 100 46 60 79 31 74 45 56 26 55 62 8 69 58 81 48 43 16 83 33 41 37 72 3 94 54 88 96 65 73 93 21 28 23 13 4 32 49 92 5 47 22 53 25 90 52 2 9 51 67 75 76 63 44 84 27 50 99 57 36 14 35 77 19 80 42 68 82 39 11 15 61 18 17 38 71 24 10 59 66 86 87 20 91 30 97 12 34 6 1 78 70 29
92 77 70 76 9 81 33 6 5 14 65 13 36 32 67 39 84 73 46 51 54 28 12 62 97 25 61 85 3 29 38 69 56 82 57 49 4 40 86 68 78 21 35 31 94 43 34 15 20 2 88 8 89 1 7 37 11 44 50 79 74 52 59 10 24 42 71 47 93 72 26 23 48 41 95 98 83 30 90 64 100 63 45 58 53 91 27 18 96 22 80 87 16 60 55 66 17 99 75 19
34 63 3 47 83 15 28 57 19 31 43 38 35 91 82 85 52 59 11 37 68 26 42 80 8 73 2 53 46 84 13 1 32 22 98 48 97 5 76 75 70 25 87 9 86 17 99 7 66 50 36 23 12 58 45 39 30 77 27 64 20 79 65 6 21 94 49 55 96 81 56 72 62 67 89 10 78 16 69 93 41 29 92 61 4 33 60 95 51 40 74 54 88 14 90 71 44 24 100 18
66 35 39 50 90 32 23 2 86 26 34 12 28 93 96 40 24 64 100 76 47 60 99 18 45 21 78 71 19 13 8 44 92 37 29 72 43 95 17 11 14 82 57 56 63 38 27 30 6 51 68 4 33 69 83 87 10 97 61 22 41 88 15 7 5 98 70 1 85 46 77 20 3 84 31 9 75 91 74 65 25 79 67 16 52 55 80 54 48 94 81 89 73 42 59 53 49 58 36 62
78 27 49 65 22 93 87 59 42 17 71 20 19 97 68 16 58 81 98 9 38 96 39 4 10 51 77 40 70 64 100 89 61 12 66 7 45 6 83 52 44 84 18 1 48 54 74 88 90 24 72 73 29 94 41 14 13 34 15 57 2 76 80 25 56 91 95 60 62 67 63 32 36 43 92 55 5 35 86 53 30 75 21 46 50 11 99 31 85 28 69 3 8 37 79 23 26 33 47 82
38 55 4 37 29 73 51 13 12 45 49 2 21 42 99 30 17 22 41 3 5 1 95 87 69 7 20 6 67 76 90 16 77 23 24 25 70 81 18 80 83 39 71 97 59 11 100 93 33 98 78 65 19 62 60 91 86 96 56 32 8 28 66 31 54 58 63 92 53 75 50 47 94 57 46 88 14 85 27 79 35 9 34 74 89 68 26 36 82 44 72 64 15 43 52 84 40 10 61 48
75 56 72 94 79 67 1 48 74 11 92 90 25 66 70 33 61 54 57 23 34 93 89 55 30 88 35 49 31 59 15 42 99 19 84 71 50 14 62 91 65 10 36 41 60 64 96 52 85 16 100 47 3 40 81 18 80 24 53 21 78 68 9 17 87 39 82 69 22 26 7 37 13 58 38 51 45 29 44 28 5 6 12 73 76 8 32 43 97 2 77 4 20 63 95 46 83 27 86 98
60 19 74 64 48 87 7 5 8 57 1 37 29 70 91 22 9 53 16 27 52 89 93 51 77 66 99 72 88 21 92 10 80 62 31 47 55 65 34 36 100 15 20 28 3 13 39 4 95 86 44 78 96 41 63 23 14 76 40 82 79 33 81 68 38 83 17 67 71 85 61 11 45 24 75 30 90 50 12 84 54 69 73 94 42 26 25 35 59 56 32 97 49 58 98 2 18 43 6 46
80 99 37 34 4 12 71 90 88 18 96 84 47 25 2 100 98 30 49 44 48 3 9 38 56 29 13 60 55 39 11 85 52 68 28 76 33 79 16 89 46 23 65 92 62 35 97 83 27 6 74 70 67 17 77 21 7 43 73 81 94 19 41 42 75 45 51 95 87 53 1 54 58 26 32 14 82 59 5 69 24 57 40 31 61 15 91 78 20 63 10 22 50 72 86 36 66 8 64 93
84 16 42 51 85 46 21 36 50 81 93 48 72 79 3 56 31 14 89 92 41 74 18 61 2 20 96 76 69 71 25 7 100 97 17 1 90 88 63 4 22 32 12 70 67 59 75 40 49 11 94 60 39 26 54 68 19 8 33 45 73 58 98 99 57 86 5 66 6 80 55 10 65 23 62 44 35 9 95 43 34 13 38 53 27 29 52 37 64 30 47 15 91 83 28 24 82 87 77 78
89 1 27 75 11 24 83 63 33 55 41 21 60 12 18 74 81 5 97 4 7 43 45 26 31 6 19 90 85 95 22 72 94 73 71 91 82 37 87 35 58 44 54 14 84 93 8 34 76 99 79 30 38 29 69 57 53 20 9 86 40 61 48 16 15 62 77 50 39 64 92 13 46 100 78 52 47 25 98 49 32 80 36 10 96 2 88 66 28 68 23 42 65 59 67 51 3 56 17 70
98 67 86 72 35 40 52 78 96 41 15 63 69 75 34 61 26 32 85 94 91 92 14 22 65 50 57 1 44 30 59 2 38 70 54 95 9 49 51 53 48 71 90 45 73 42 56 66 16 64 58 97 28 10 80 11 12 47 4 6 31 7 24 82 8 88 55 36 46 74 93 29 77 37 76 83 87 79 18 20 89 84 81 39 33 62 43 3 17 23 19 5 68 27 99 25 100 60 21 13
39 28 59 68 70 82 62 44 31 49 19 50 55 57 54 67 6 80 77 33 87 64 47 23 15 10 4 97 73 79 42 96 24 20 86 41 21 32 58 56 61 1 7 91 53 94 18 25 2 29 66 93 75 46 35 13 95 37 22 88 3 43 63 76 78 84 11 52 60 90 89 81 85 27 17 99 72 40 36 34 83 98 100 51 9 12 5 65 8 45 14 74 30 16 48 69 38 92 26 71
94 47 100 15 97 66 91 69 58 79 8 99 42 13 65 36 39 90 82 88 53 62 70 46 84 63 34 11 16 25 57 12 18 29 64 43 78 26 40 6 41 74 24 30 17 52 72 10 5 60 31 32 83 87 48 98 3 55 59 89 21 37 92 96 14 23 54 2 44 27 68 28 38 56 71 19 7 86 73 51 22 93 95 49 75 50 4 85 77 67 45 81 9 76 1 20 33 80 35 61
30 14 65 93 38 77 9 22 26 32 35 24 11 20 58 73 51 87 62 78 83 86 81 28 54 59 37 17 75 68 66 13 74 99 27 23 8 98 5 45 47 36 82 88 43 79 80 96 57 69 64 85 71 61 15 56 34 84 52 50 100 10 29 1 18 72 89 70 49 25 91 97 16 94 63 2 42 67 3 33 76 60 46 7 6 92 48 21 19 41 12 39 55 4 44 95 90 40 53 31
95 2 54 29 13 23 43 92 17 25 52 71 64 46 76 7 83 45 59 10 49 82 98 100 24 33 40 8 80 94 44 15 60 67 14 39 77 61 81 3 9 26 19 68 38 78 55 89 50 21 65 36 1 99 16 42 51 5 91 27 69 32 35 20 12 56 28 34 30 93 66 6 4 53 48 22 96 70 31 74 58 18 47 86 72 97 87 90 79 11 84 41 85 88 37 73 57 75 62 63
76 10 45 73 56 6 61 53 3 20 66 28 43 95 40 23 38 86 68 17 32 12 5 78 35 36 67 42 58 27 84 50 19 93 83 75 48 69 46 30 87 31 98 63 37 77 85 51 81 33 49 62 72 90 2 92 18 100 24 25 13 59 4 22 26 47 97 91 65 9 8 21 57 60 39 41 88 64 15 80 44 1 82 71 99 70 14 74 55 16 94 96 29 7 54 11 52 34 89 79
42 83 64 28 41 49 74 65 76 75 82 47 16 33 17 59 88 31 96 98 66 24 67 56 86 35 5 69 89 48 94 26 55 51 44 12 61 4 14 72 62 70 84 34 46 95 22 92 99 25 90 11 15 30 3 8 85 73 63 10 71 13 97 57 77 1 27 40 7 38 81 78 18 32 45 91 50 43 6 58 87 53 9 36 29 21 20 68 39 60 54 2 37 23 93 79 80 19 52 100
96 82 68 70 66 17 81 98 14 89 38 80 34 37 83 6 95 71 48 87 33 97 73 72 47 1 31 39 26 4 91 46 3 75 59 100 99 15 7 67 10 11 42 13 78 30 94 85 29 8 60 16 93 79 20 25 52 54 58 62 9 35 51 44 84 64 76 23 21 18 53 40 69 86 90 61 41 74 56 24 12 45 19 57 65 5 92 2 49 43 88 32 63 36 50 28 27 77 22 55
20 23 47 2 40 33 97 32 16 99 85 57 61 15 4 91 7 84 65 46 63 52 64 58 43 90 95 88 92 87 49 5 62 42 19 18 1 56 80 9 73 77 45 98 6 66 17 68 54 44 26 53 78 96 34 100 83 14 35 29 75 25 36 24 86 82 39 11 59 89 60 51 71 93 55 76 94 31 28 22 79 72 27 41 69 30 10 50 37 8 67 38 70 81 13 74 12 48 3 21
10 12 35 59 31 92 72 4 21 87 5 62 94 49 22 43 2 74 26 50 65 32 29 11 100 82 79 84 20 44 48 54 17 86 95 78 66 27 53 25 88 81 23 90 52 56 28 36 24 3 37 51 7 91 39 61 42 33 75 40 6 69 60 30 63 8 19 93 47 70 15 1 96 83 97 67 98 57 77 68 38 58 85 80 18 89 71 34 13 55 9 76 41 45 16 99 73 14 46 64
71 15 38 6 36 25 11 95 73 51 24 55 97 1 21 12 78 39 86 41 60 76 8 94 46 42 50 96 53 16 52 22 83 13 74 89 65 2 79 63 82 20 48 58 18 14 57 43 40 61 77 59 98 27 92 32 45 69 88 19 80 3 37 56 81 67 90 26 28 91 44 70 34 72 9 62 64 54 7 29 93 47 75 84 23 66 100 17 99 35 87 68 31 85 10 33 5 4 49 30
56 93 24 52 44 45 60 61 48 54 67 23 51 81 73 77 3 89 10 79 6 57 91 74 62 12 59 37 68 19 40 64 21 41 11 92 30 96 69 34 38 86 100 35 26 2 31 75 97 9 50 82 13 71 65 43 47 87 95 4 85 53 22 15 83 16 32 20 55 5 27 42 80 36 99 46 33 49 17 66 14 78 98 25 63 1 28 88 76 70 18 8 72 29 58 39 84 7 90 94
19 58 18 55 77 91 30 27 62 69 42 40 75 64 93 53 100 8 54 70 14 23 7 45 9 22 51 13 81 78 43 20 37 84 47 85 36 10 29 16 32 87 67 76 1 60 65 50 96 15 2 41 21 28 94 38 49 80 57 12 52 99 31 46 48 17 72 4 74 68 73 25 82 3 79 63 59 88 39 5 33 56 26 44 97 86 11 83 90 24 6 61 66 92 35 98 89 71 34 95
26 46 5 85 88 34 84 67 63 9 27 76 18 14 32 69 44 19 52 68 30 55 49 25 80 28 75 36 10 61 71 73 58 81 23 38 24 45 57 90 64 37 16 93 51 4 53 74 83 39 99 22 48 66 1 31 97 70 89 72 33 50 78 94 41 96 29 98 79 87 65 92 35 13 21 12 100 8 47 2 59 54 77 3 95 42 62 40 7 6 60 20 82 15 56 86 11 17 43 91
79 50 43 100 8 37 90 39 78 22 29 30 63 36 13 45 60 56 28 58 27 99 17 2 3 71 41 54 18 15 98 70 35 33 88 93 76 97 6 77 21 80 47 89 91 69 7 72 59 12 24 46 23 5 74 86 81 68 55 9 65 42 73 66 95 14 10 49 92 34 75 19 20 85 84 26 38 11 87 52 48 31 4 67 82 16 64 32 94 61 51 1 44 96 62 40 53 25 57 83
53 86 29 57 94 1 3 7 80 13 99 92 90 11 9 66 25 20 72 35 85 70 34 98 21 40 93 77 38 83 87 28 8 39 60 32 68 82 31 50 5 49 33 19 41 27 79 63 55 71 18 76 17 67 44 6 36 64 84 56 88 100 62 58 45 12 2 54 61 43 37 48 89 30 4 95 16 10 23 14 52 81 22 96 91 73 74 46 15 51 24 69 42 26 47 78 59 97 65 75
73 57 88 90 37 86 76 82 25 93 6 11 13 29 33 3 32 18 17 67 19 21 69 99 38 45 48 66 42 47 63 52 22 65 78 98 49 54 4 100 39 28 94 5 50 46 91 55 64 62 23 87 24 92 43 80 71 56 1 14 7 27 2 85 10 26 16 84 77 58 35 9 8 12 68 72 15 53 60 59 20 95 41 40 83 51 97 79 44 96 61 34 75 70 74 31 81 89 30 36
52 72 28 8 75 48 14 54 81 7 2 9 66 26 36 78 50 63 61 97 80 51 85 30 88 77 55 62 13 40 96 74 5 31 89 21 94 33 41 19 12 47 34 24 82 23 76 57 43 95 70 38 53 3 67 27 59 99 25 16 60 20 86 90 11 15 98 65 91 35 4 18 6 92 93 71 79 32 22 100 1 87 56 42 46 37 45 84 73 17 49 44 83 10 39 64 29 69 68 58
58 32 95 13 74 43 29 47 4 24 94 27 57 89 5 83 12 65 25 39 35 98 37 91 7 2 63 79 49 6 45 71 90 46 92 28 3 64 77 61 30 14 11 40 15 68 84 41 60 93 19 100 76 31 10 55 82 81 42 51 36 54 17 21 72 75 33 53 23 62 86 73 50 80 44 85 48 34 67 16 78 66 69 88 8 38 70 59 22 9 1 52 18 99 97 87 56 20 96 26
15 41 40 98 51 18 46 3 56 53 22 87 38 86 77 44 75 52 35 84 100 8 32 12 73 58 71 31 1 14 62 29 39 95 97 2 34 48 68 23 49 85 9 54 96 81 67 26 42 13 93 28 6 20 72 36 17 45 78 69 70 80 83 37 74 79 50 30 99 92 25 94 66 33 64 90 76 89 21 61 27 55 5 47 11 4 16 82 43 10 7 88 19 65 63 91 60 59 24 57
97 38 96 11 69 10 2 94 100 83 81 8 99 7 42 62 70 82 43 85 20 68 84 27 4 92 86 64 57 54 16 93 1 76 55 37 80 60 9 17 79 45 56 61 72 88 90 87 75 36 52 77 74 21 58 95 35 91 44 73 22 40 71 34 39 66 67 89 29 59 41 46 51 65 47 49 13 5 63 19 23 33 24 26 98 31 18 28 30 25 53 14 3 78 15 48 6 50 32 12
1 26 12 44 30 70 64 85 68 71 72 19 4 41 80 21 59 91 56 60 18 29 87 67 39 94 36 10 83 90 79 43 27 24 13 8 47 57 32 86 16 6 3 22 89 31 66 65 73 38 11 49 62 34 84 7 88 46 37 75 14 9 61 81 28 52 100 25 76 51 97 77 95 98 69 78 55 96 20 23 50 99 63 48 2 58 53 92 74 15 5 17 40 54 33 35 93 45 82 42
45 65 23 22 84 79 27 33 66 80 37 34 20 92 98 46 74 16 76 30 96 75 15 97 72 78 52 26 82 50 35 40 91 7 99 73 87 12 38 59 18 53 29 44 77 25 71 69 17 100 89 48 4 57 13 5 41 2 90 83 24 64 8 32 3 6 42 63 94 56 88 58 10 28 14 1 31 62 70 36 60 68 49 81 54 39 19 93 61 86 43 55 67 9 51 21 95 11 85 47
99 9 67 17 42 16 39 20 34 91 64 54 96 55 47 14 40 49 95 45 89 25 60 41 23 24 74 93 56 28 53 36 66 69 10 51 58 70 82 88 19 63 32 59 27 48 52 35 78 97 15 61 18 22 79 50 33 98 94 65 68 1 44 13 46 43 12 5 31 73 2 30 83 38 37 87 26 3 11 81 29 21 57 76 77 90 85 6 75 7 71 92 4 80 8 100 62 86 72 84
77 49 87 35 92 21 31 50 59 19 51 15 88 100 79 48 93 69 90 1 61 22 44 34 70 46 53 5 43 9 83 84 81 30 67 42 6 72 11 26 98 7 86 37 20 80 58 33 4 10 8 54 85 60 40 63 68 12 32 97 96 55 95 47 82 38 78 18 57 41 99 17 75 39 52 74 24 45 29 56 91 36 62 13 3 14 89 64 71 65 28 66 23 25 76 27 2 94 73 16
5 89 62 61 78 60 6 55 36 63 23 58 10 73 31 24 28 68 53 71 76 11 59 3 33 17 16 95 65 81 20 14 75 56 50 15 85 44 25 18 1 8 21 51 83 70 2 99 74 92 29 64 30 9 96 66 26 39 86 47 93 45 49 19 4 48 87 88 69 97 84 57 91 82 54 7 40 42 43 27 67 12 52 32 100 94 34 72 35 80 37 98 46 90 22 13 41 79 38 77
32 17 78 80 6 19 13 28 90 42 57 91 15 39 84 11 66 47 70 24 26 72 82 65 22 79 1 29 25 49 23 27 86 77 16 60 10 7 94 93 4 51 50 8 35 18 81 58 100 20 48 96 92 55 56 53 44 74 97 98 46 85 45 54 88 31 59 75 2 30 14 61 64 21 40 38 95 99 34 87 3 73 33 52 12 76 36 9 67 5 62 37 89 71 68 83 43 41 63 69
100 37 76 88 47 44 65 84 40 85 73 78 49 34 86 97 67 38 20 55 51 4 54 75 74 3 56 45 28 7 61 63 69 89 22 50 25 52 8 43 60 92 91 33 66 24 48 13 77 68 9 79 70 16 36 1 2 95 46 11 72 83 99 87 35 21 15 94 41 14 57 62 39 10 53 18 12 58 26 31 80 96 23 17 71 6 98 29 42 19 82 90 59 5 27 30 64 81 93 32
35 22 34 14 45 98 18 87 79 52 16 32 53 77 72 99 94 23 30 64 15 27 38 10 12 93 92 58 47 85 68 57 44 91 26 6 54 59 96 39 67 55 70 2 74 19 41 84 3 17 76 75 5 88 73 83 63 86 29 8 50 89 42 71 80 95 37 78 11 24 20 43 9 90 49 69 51 1 65 13 21 62 28 4 66 100 56 81 60 82 33 25 48 31 46 97 61 36 7 40
55 33 8 67 91 99 75 12 89 74 4 68 79 61 19 76 14 17 22 31 81 63 36 21 53 95 94 98 62 77 32 11 78 58 73 9 35 51 71 41 54 65 43 26 64 87 30 5 39 82 13 7 80 59 49 10 20 6 23 18 47 48 16 60 29 69 93 96 40 52 46 56 70 66 15 37 97 28 2 3 84 88 90 92 38 83 1 27 25 34 100 86 57 50 42 85 24 72 44 45
2 5 61 48 10 64 38 68 30 29 100 69 82 60 43 50 46 28 33 74 86 9 24 31 78 11 39 80 87 35 81 79 42 49 18 17 95 67 88 62 52 72 83 7 99 85 37 98 23 76 57 84 91 77 14 71 27 32 93 3 19 90 70 51 6 34 25 73 1 44 45 55 54 16 96 47 63 36 41 92 94 40 65 97 59 20 15 8 89 53 75 26 13 21 4 56 58 22 12 66
63 39 71 1 20 31 94 60 51 70 45 6 62 88 81 96 37 44 12 90 64 46 83 57 18 97 66 99 17 55 24 34 13 21 48 84 98 36 72 15 59 42 80 53 40 22 61 9 56 28 38 19 68 50 47 41 58 82 54 33 5 92 79 77 27 3 26 43 100 4 74 52 86 25 23 93 85 76 89 32 11 35 10 69 87 7 78 30 14 75 29 67 95 73 2 65 91 16 8 49
62 53 56 26 46 96 77 66 9 27 54 3 80 98 41 13 92 95 93 59 23 5 68 16 14 76 90 48 30 34 37 4 2 28 38 19 40 83 74 29 31 75 15 12 25 1 32 44 86 47 42 67 43 100 21 69 89 94 87 99 64 36 58 33 20 97 65 7 8 61 82 71 22 81 91 11 6 84 79 73 55 85 50 63 24 72 49 45 18 57 17 10 35 52 78 70 39 51 60 88
7 97 16 69 49 59 82 11 95 36 83 26 65 8 52 2 85 48 9 56 40 71 43 84 67 96 60 19 50 42 31 92 53 47 20 70 75 1 66 14 90 46 79 27 21 89 62 29 88 73 30 45 64 25 12 34 22 4 72 61 81 63 10 86 13 55 23 57 98 17 94 35 24 78 5 68 80 33 100 44 74 37 91 99 93 32 51 58 41 39 3 28 77 38 87 18 15 76 54 6
57 54 41 58 86 83 15 23 24 3 7 29 5 21 71 25 36 1 40 42 88 37 6 33 89 52 100 32 2 73 56 99 64 87 85 82 12 80 30 65 34 93 97 69 10 16 63 45 38 14 28 81 51 35 66 17 78 62 31 90 39 18 53 74 91 22 84 76 68 49 48 59 67 8 50 60 27 75 72 4 77 46 44 43 26 95 79 61 70 13 92 9 96 98 19 94 47 55 11 20
72 4 21 43 81 50 92 25 93 73 87 75 89 35 51 63 10 27 58 18 13 91 20 69 61 70 44 59 8 41 5 45 76 90 3 97 46 100 33 55 71 94 6 96 95 49 11 78 36 57 85 24 37 65 52 26 15 40 39 60 28 67 12 38 66 32 56 62 9 82 30 7 98 77 42 29 19 17 88 83 16 48 68 54 64 22 86 47 2 31 34 79 80 74 14 1 99 23 84 53
11 81 90 74 67 69 26 76 49 64 98 100 91 9 15 89 41 72 75 77 73 34 33 93 37 61 21 18 95 63 65 6 48 45 35 3 14 58 36 7 99 30 39 86 2 57 92 46 8 19 53 31 10 23 82 12 60 17 70 13 84 97 38 62 25 20 68 24 80 78 59 83 52 79 94 32 44 87 51 50 56 71 16 27 43 40 54 4 66 1 42 29 5 47 88 96 22 28 55 85
54 6 9 42 21 71 12 41 70 44 31 95 22 65 62 68 8 40 51 5 1 94 35 89 32 87 47 20 52 11 99 33 73 17 72 55 19 28 13 66 77 67 74 36 97 34 98 90 37 23 96 57 27 64 75 79 4 7 92 58 43 29 88 26 50 10 48 61 56 16 100 93 14 45 24 3 81 46 80 91 39 76 30 60 85 78 2 38 84 49 63 53 86 18 83 59 69 82 15 25
16 80 30 7 96 63 79 89 53 35 48 49 85 94 64 55 87 10 4 99 57 36 28 92 40 38 25 46 54 58 97 8 15 5 39 52 59 76 24 69 3 73 14 78 65 51 88 1 11 72 67 71 26 84 6 47 32 50 81 91 83 22 82 12 93 33 41 86 34 66 31 60 43 2 77 42 70 13 62 21 37 20 61 18 19 23 68 98 100 29 44 27 56 95 75 17 9 74 45 90
4 98 46 27 33 100 66 72 29 58 12 82 67 52 28 90 86 70 19 73 31 30 10 44 79 23 3 16 14 5 88 78 85 94 41 40 60 77 61 83 13 38 22 21 93 32 87 59 7 49 62 63 9 43 68 89 55 65 11 1 54 8 6 2 96 81 91 51 37 69 36 26 47 99 18 17 53 56 92 57 15 24 25 95 34 35 75 42 45 74 48 80 84 39 20 76 71 64 97 50
48 36 1 18 93 75 57 52 28 38 21 56 76 84 29 17 13 92 63 34 97 59 4 90 85 62 12 7 51 2 54 81 70 27 46 11 79 43 47 44 6 24 53 15 5 40 69 31 71 26 80 25 100 39 37 45 74 42 41 78 99 87 64 35 58 73 30 32 3 23 96 67 61 55 22 89 20 19 16 95 65 91 8 50 86 9 82 14 88 83 68 77 98 49 72 60 94 66 33 10
51 95 84 32 39 3 22 45 77 59 97 79 54 78 26 37 71 61 47 83 82 66 75 49 99 68 91 56 64 53 34 67 50 80 1 29 2 62 90 42 85 43 10 4 58 76 9 27 94 48 98 33 20 15 19 88 21 28 16 30 92 65 100 55 60 46 52 13 18 31 6 63 74 7 86 23 69 38 25 11 70 44 72 5 17 41 96 89 57 73 36 12 87 93 24 81 14 35 40 8
8 68 17 83 34 94 56 19 87 50 59 46 14 43 35 80 96 11 81 7 29 13 100 60 98 48 6 78 71 65 30 9 82 25 32 86 91 16 23 20 89 12 75 79 54 45 64 18 44 84 5 2 22 52 61 77 24 38 85 49 27 47 76 63 90 28 57 74 42 95 72 4 41 88 58 15 66 39 40 10 26 67 51 33 55 36 69 97 53 93 21 99 62 3 31 92 70 37 1 73
91 85 73 92 62 55 5 10 37 65 69 25 6 2 50 58 33 36 23 57 77 39 76 88 83 15 81 24 9 45 26 18 4 100 87 68 31 74 22 38 80 60 28 20 70 96 82 95 41 42 59 86 90 48 51 93 56 29 66 44 49 72 19 98 71 53 40 17 14 94 64 75 84 35 12 97 34 27 1 8 63 52 13 79 7 47 3 11 21 99 46 43 78 89 61 54 32 30 16 67
47 13 14 86 23 2 25 24 99 15 60 42 3 53 20 32 45 88 39 66 67 19 26 70 55 43 69 27 74 96 75 95 84 98 93 57 89 71 37 64 33 68 17 50 16 63 83 100 61 56 87 72 46 18 97 40 54 35 8 94 59 77 11 36 44 9 21 85 4 1 90 5 30 76 29 28 73 78 49 82 62 10 6 22 31 48 81 80 12 92 41 58 52 91 7 38 34 65 79 51
40 60 31 20 82 78 88 43 61 97 74 18 30 16 44 1 27 24 38 93 8 41 22 50 42 84 80 86 72 17 12 53 51 10 21 56 92 63 49 96 66 35 25 52 55 47 29 91 62 81 73 34 99 95 76 3 69 83 14 36 45 75 7 89 67 5 79 15 70 39 85 68 37 71 65 33 9 98 48 54 64 94 59 90 28 46 77 87 32 58 13 11 26 57 100 19 4 6 23 2
