8
36 42 51 64 24 13 53 4 62 50 57 30 38 22 12 20 46 1 37 61 32 10 60 47 48 33 21 63 16 39 27 45 49 56 31 23 44 43 35 29 28 26 9 17 5 55 52 64 8 40 15 6 2 59 25 7 18 3 14 34 19 11 41 54
50 20 64 6 12 63 29 26 40 35 55 36 60 9 16 28 57 54 38 42 34 23 49 53 32 46 62 41 44 61 13 17 25 51 15 10 30 1 3 5 8 2 4 43 19 11 59 14 45 24 33 52 47 56 22 18 37 7 31 48 39 58 27 21
31 33 34 3 32 1 23 18 21 5 8 4 11 17 43 6 7 64 41 45 52 36 39 56 60 55 24 20 53 50 19 47 61 42 57 62 38 27 2 59 63 46 16 48 22 29 51 25 37 13 49 12 14 58 54 28 44 26 35 30 9 15 10 40
11 14 40 22 27 56 2 46 32 26 1 47 34 3 37 48 8 51 18 4 58 19 6 17 35 64 59 30 5 9 43 25 13 21 55 33 41 20 16 45 15 60 10 42 7 39 24 54 23 36 62 29 50 31 63 44 28 49 53 57 38 61 12 52
57 55 39 19 45 59 43 49 23 2 51 46 31 54 13 25 62 16 29 12 48 26 63 30 11 6 38 10 28 52 7 15 37 17 14 58 34 32 22 24 40 1 44 18 27 41 47 36 42 9 53 61 35 3 21 20 56 4 5 8 64 33 50 60
21 5 8 52 37 47 38 10 29 18 15 27 45 41 53 44 25 35 3 50 28 55 59 31 56 40 57 42 36 14 4 22 26 7 9 11 39 12 54 64 61 30 58 49 6 33 23 34 60 19 46 1 17 43 16 48 62 2 32 13 51 20 63 24
7 17 61 28 30 54 16 9 59 33 52 63 49 39 56 14 20 15 22 24 43 27 44 11 2 12 3 18 8 51 31 58 48 53 60 19 46 40 47 50 21 37 13 57 35 62 38 45 4 26 5 41 10 32 64 34 42 29 23 36 1 55 6 25
35 62 41 44 15 48 25 60 64 19 24 7 58 42 10 61 33 14 2 5 9 40 13 21 34 37 1 29 26 23 54 49 4 8 63 52 36 18 28 6 53 50 32 12 31 56 3 20 55 11 57 38 30 51 39 27 59 45 22 46 47 43 17 16
4 34 3 9 64 28 49 6 60 45 22 17 20 36 21 11 23 44 24 30 51 25 54 18 38 8 26 39 12 37 63 57 7 58 62 16 29 47 52 19 14 43 46 31 56 61 32 42 33 27 10 15 5 55 53 50 40 48 1 59 41 35 13 2
62 15 26 25 10 11 19 58 44 61 18 24 29 35 54 40 63 21 56 64 38 59 42 48 3 60 5 34 43 16 47 20 50 33 39 31 14 36 1 37 57 23 22 52 41 51 53 49 17 2 9 4 13 6 30 8 32 12 7 27 55 45 46 28
30 1 12 56 61 46 40 47 37 15 2 38 26 31 23 53 58 22 52 7 39 13 5 49 4 9 42 27 41 29 17 28 51 63 10 18 32 55 59 3 35 45 11 60 21 6 44 50 34 25 48 20 24 16 19 36 54 8 57 43 33 14 62 64
16 36 60 45 42 27 54 48 3 8 56 32 57 51 19 55 61 53 20 28 37 33 46 10 24 50 44 23 6 21 49 14 9 15 25 17 12 13 26 35 5 40 1 47 34 4 62 2 31 43 7 64 59 63 41 39 52 18 30 38 29 22 58 11
13 53 2 37 29 43 44 57 63 25 7 48 33 5 47 49 50 3 60 17 1 45 14 19 59 35 18 36 22 30 15 32 23 6 41 54 64 24 4 46 38 12 28 55 9 8 10 27 52 62 51 56 40 42 11 58 26 39 61 20 21 16 34 31
33 39 31 32 52 38 51 59 42 1 41 62 64 46 9 50 11 27 35 2 29 8 36 40 10 45 58 7 13 55 25 56 60 43 21 28 49 61 48 34 24 15 20 16 63 19 30 18 22 54 26 3 57 14 37 12 47 23 4 44 17 5 53 6
14 7 63 35 8 17 55 20 6 34 10 39 12 4 30 43 47 41 31 32 26 15 62 16 46 52 51 61 11 54 53 19 45 40 27 5 2 22 44 57 29 13 36 59 48 58 64 33 28 21 18 60 23 49 1 38 9 56 50 37 3 25 24 42
18 41 5 24 21 23 22 50 28 14 16 58 13 52 59 27 43 55 12 9 4 57 34 6 31 48 40 64 33 62 2 1 53 38 8 56 20 42 30 11 37 54 26 3 17 25 39 7 35 29 47 44 32 46 61 45 10 19 51 60 49 36 15 63
55 49 28 54 1 8 36 41 50 53 29 37 27 23 24 22 44 60 33 13 47 4 35 61 62 34 11 56 10 31 5 48 39 59 52 51 18 64 58 63 32 7 38 2 3 14 9 6 43 30 12 19 42 21 40 57 45 16 25 17 15 26 20 46
39 21 32 48 2 3 33 44 57 41 13 31 4 62 64 60 19 6 43 25 8 16 27 34 51 1 52 53 50 35 58 38 14 47 7 20 24 17 46 61 59 63 42 54 55 18 45 11 15 37 22 10 26 23 56 29 36 9 49 28 40 12 30 5
60 23 46 10 50 64 34 61 56 49 44 52 3 11 1 15 31 63 36 51 40 21 55 54 28 42 14 19 9 59 33 37 16 22 53 30 13 5 38 62 12 58 35 27 57 26 25 24 2 8 20 18 45 17 6 41 48 47 39 4 43 7 29 32
24 56 15 47 20 31 37 16 36 40 58 2 14 18 5 51 38 7 53 26 12 3 32 52 17 39 25 55 57 49 21 8 11 48 42 45 28 50 19 4 43 29 23 10 62 30 1 61 63 35 34 33 64 27 9 46 13 54 60 41 6 59 22 44
29 58 22 57 51 12 42 25 9 39 63 55 35 38 34 7 24 37 14 62 17 30 2 45 23 36 60 54 40 20 41 6 31 1 56 43 27 26 15 32 48 33 49 46 4 52 16 47 13 5 44 28 11 50 59 53 3 64 18 10 61 21 19 8
17 52 9 63 26 40 45 27 20 12 46 43 42 30 8 47 10 59 28 11 22 58 48 41 18 29 7 15 64 32 16 4 3 25 6 36 60 21 34 44 13 5 31 37 50 53 19 51 1 61 38 49 39 54 62 24 35 57 33 14 2 56 23 55
19 59 4 18 6 53 13 62 26 21 61 10 32 48 45 16 42 56 57 46 5 20 15 64 44 3 47 43 30 22 12 24 54 49 23 29 35 2 9 33 34 28 41 39 8 60 40 17 36 55 52 51 58 25 7 14 11 50 37 31 27 63 1 38
5 38 7 43 35 30 14 11 54 28 17 59 6 25 33 19 1 18 9 39 50 49 23 29 45 27 63 26 61 2 46 13 57 37 12 8 10 41 40 55 22 21 15 20 44 64 36 56 3 16 32 47 31 48 60 4 24 34 42 62 58 53 52 51
9 18 52 1 57 22 21 24 14 6 64 19 53 61 25 4 30 10 26 37 35 56 43 55 33 15 29 8 51 44 45 23 41 28 36 39 40 16 60 49 17 31 5 13 46 63 34 12 50 7 58 2 38 11 20 47 27 62 54 42 59 48 32 3
37 12 10 38 7 16 50 3 49 58 36 40 56 20 2 45 51 42 46 21 57 22 18 4 53 28 6 47 24 17 32 59 8 19 29 61 43 34 63 30 11 64 39 23 14 48 27 15 41 60 1 26 9 62 44 54 25 31 52 5 35 13 55 33
25 32 59 51 11 45 5 28 47 30 37 22 9 1 38 46 17 23 44 15 64 52 31 8 7 41 2 4 48 36 26 35 20 13 54 42 33 58 18 27 55 62 19 6 53 3 61 43 24 14 63 21 34 12 57 10 49 40 29 56 16 60 39 50
43 40 36 60 47 35 41 29 34 63 42 3 55 10 17 5 13 32 7 14 11 9 33 27 16 62 12 1 25 18 52 39 46 50 24 48 26 44 57 22 30 38 51 45 59 54 58 37 61 64 31 8 56 15 49 6 4 20 21 53 23 2 28 19
63 8 62 17 54 61 6 39 11 7 48 23 52 26 44 13 59 5 47 20 53 60 29 24 55 49 64 22 14 58 56 27 15 31 2 1 4 37 32 51 50 57 40 9 25 42 35 21 19 45 16 30 43 28 3 33 34 46 38 12 18 41 36 10
27 2 58 53 4 15 31 23 12 54 33 16 43 32 57 24 41 45 48 49 3 62 61 50 30 20 9 21 34 19 60 40 38 5 47 35 52 11 6 14 10 44 56 8 1 36 18 28 46 39 25 59 55 13 29 42 17 37 63 51 26 64 7 22
26 44 48 49 55 20 64 14 27 51 28 35 21 50 41 39 54 19 34 1 16 38 25 63 57 31 46 37 42 13 10 5 62 9 45 59 3 56 7 12 33 47 52 24 2 22 60 29 53 32 36 23 18 4 17 40 61 15 8 6 11 30 43 58
56 13 19 30 34 42 46 33 8 29 62 18 59 15 60 31 39 12 40 58 2 6 28 36 63 54 50 38 3 11 61 43 55 10 17 64 21 25 53 23 20 49 7 32 26 16 4 41 48 51 37 22 52 35 27 5 1 44 47 24 57 9 45 14
28 54 29 23 33 34 59 64 31 11 39 41 18 56 27 21 49 43 55 52 24 42 7 12 1 25 15 13 62 63 20 44 40 2 46 38 47 9 50 58 16 17 6 4 10 45 48 8 30 57 61 35 51 60 32 3 14 53 26 22 36 19 5 37
8 35 47 14 38 18 61 55 30 10 5 1 44 13 49 17 45 46 19 16 63 11 37 62 40 57 53 59 52 12 39 31 36 4 26 7 51 33 25 48 23 27 3 22 58 2 50 60 54 6 41 42 21 9 43 64 29 28 24 15 20 32 56 34
53 22 45 46 60 10 32 30 24 57 6 15 36 40 20 64 18 26 50 48 33 39 41 5 21 43 55 14 56 7 35 3 42 27 19 49 16 62 31 13 1 59 61 29 28 34 54 63 25 58 17 11 4 44 38 37 8 52 2 47 12 51 9 23
52 6 20 62 58 19 56 21 55 38 4 51 22 14 50 3 2 47 25 10 23 54 57 35 64 61 45 17 46 26 48 60 24 32 5 37 63 8 29 28 41 9 30 53 33 15 42 39 40 34 59 36 12 7 18 16 31 11 43 49 13 27 44 1
51 9 17 13 5 7 3 43 52 37 12 42 47 29 32 2 22 34 59 38 44 28 20 15 6 16 36 58 19 4 8 50 30 54 11 60 1 39 14 56 25 55 21 64 24 40 49 57 27 48 23 46 53 45 26 31 41 33 10 63 62 18 61 35
2 26 42 4 49 44 39 36 61 46 54 33 28 58 63 23 56 40 13 29 30 32 8 60 9 51 37 24 27 41 18 34 12 3 64 15 59 6 21 53 31 14 43 11 38 35 20 5 10 47 50 62 1 19 52 22 7 25 55 45 48 17 16 57
12 27 1 41 63 50 24 31 53 48 34 25 16 43 35 59 6 58 21 3 14 61 17 9 29 32 28 11 54 47 22 33 10 23 44 57 55 45 20 18 7 19 62 36 51 37 26 52 39 15 8 5 49 2 13 56 38 60 46 40 42 4 64 30
48 25 11 16 40 37 57 15 45 62 9 60 7 19 26 8 64 36 4 27 31 53 1 51 5 30 23 49 2 10 38 42 35 41 34 22 61 52 17 43 47 18 12 56 13 32 46 44 14 33 28 55 20 29 24 63 39 21 6 58 50 3 54 59
15 63 38 2 56 26 1 52 16 59 32 28 39 37 29 12 40 48 8 6 46 44 64 3 36 13 10 45 55 42 30 51 43 34 33 41 62 31 27 7 58 22 60 25 18 57 5 23 47 49 4 24 19 61 14 9 20 35 17 11 54 50 21 53
64 46 54 21 16 36 30 42 48 47 31 9 62 49 11 56 32 29 51 59 41 17 53 20 15 26 61 25 37 24 57 2 6 14 18 3 22 38 23 39 45 4 50 19 40 7 8 10 12 63 55 13 27 1 33 35 58 5 44 52 28 34 60 43
10 47 27 29 18 9 17 35 22 43 45 54 30 24 3 63 21 31 61 36 62 1 58 13 52 38 39 28 60 5 34 41 32 26 4 2 25 59 11 16 49 42 37 14 15 44 6 55 57 56 40 53 7 20 50 23 19 51 64 33 46 8 48 12
23 24 49 20 43 41 48 5 13 36 50 8 46 60 58 35 55 4 11 63 27 14 26 28 54 7 19 33 32 56 62 29 47 45 1 40 9 10 37 21 2 39 59 51 64 12 17 53 38 52 30 31 44 34 15 25 57 6 3 16 22 42 18 61
22 51 57 12 3 6 62 13 25 52 26 20 41 21 40 18 60 9 23 33 10 34 19 2 49 58 35 16 4 1 50 53 64 24 30 44 54 48 42 15 36 56 47 61 11 38 29 46 32 28 45 17 8 37 5 43 63 14 27 55 7 31 59 39
61 45 25 55 53 33 11 19 5 44 27 64 23 2 7 42 12 39 16 54 15 43 24 37 20 18 22 6 47 8 14 46 63 57 49 50 17 35 56 36 26 3 34 28 52 13 31 48 21 59 60 58 29 41 10 51 30 38 62 32 4 1 40 9
58 60 50 34 44 39 28 32 38 4 19 57 61 6 14 1 35 49 5 56 18 7 22 25 27 63 17 31 59 43 40 11 29 55 13 12 53 51 8 52 54 20 33 41 30 9 21 62 64 42 3 16 46 26 48 2 15 10 36 23 45 24 37 47
40 31 14 7 59 4 8 37 15 17 53 34 51 33 55 10 52 38 30 57 45 47 50 42 12 44 48 3 21 64 23 9 28 20 61 46 58 19 5 60 27 32 24 35 16 43 63 1 6 18 54 39 62 22 36 11 2 13 41 26 56 49 25 29
3 11 33 27 9 52 63 51 2 64 30 45 25 57 22 34 37 17 6 31 20 29 56 38 13 21 16 40 58 46 24 61 5 18 35 47 48 15 39 26 19 10 8 50 23 1 12 59 44 41 14 32 54 36 42 55 60 43 28 7 53 62 4 49
38 57 35 61 62 29 7 1 19 32 40 14 48 47 46 41 15 33 54 55 21 63 16 39 26 22 8 2 49 27 59 64 56 12 20 34 42 60 36 25 18 6 53 5 43 28 11 30 51 4 13 50 37 10 58 52 23 17 9 3 24 44 31 45
42 64 53 15 23 24 47 22 43 60 35 26 1 59 6 37 36 8 49 44 61 41 9 14 39 10 33 5 20 3 28 63 19 11 51 21 45 30 55 38 62 16 54 58 29 27 57 4 7 12 56 48 25 40 31 17 46 32 13 50 34 52 2 18
41 19 56 59 48 55 20 40 51 13 23 50 15 8 28 29 5 52 62 18 42 35 47 58 25 4 32 9 31 6 44 54 27 64 3 53 7 14 43 10 60 36 17 63 49 46 37 38 11 22 2 45 33 24 34 61 16 1 12 21 30 39 57 26
46 10 13 8 36 5 4 17 58 42 21 61 24 44 18 52 34 28 32 22 25 51 40 7 47 14 30 12 35 45 29 62 33 16 50 9 57 63 49 54 56 48 2 26 39 31 15 3 20 1 64 43 60 53 23 59 55 27 11 19 37 6 38 41
49 43 30 31 25 60 18 54 7 16 20 11 10 12 4 62 26 50 1 53 19 2 45 46 37 17 34 57 38 48 36 55 44 52 59 6 23 29 24 40 51 41 64 33 32 21 14 13 9 3 39 27 28 5 8 15 22 61 58 35 63 47 42 56
6 37 21 26 28 14 58 2 17 3 49 53 54 27 39 36 48 30 64 43 13 12 4 57 50 23 56 60 7 15 11 52 1 61 22 32 8 46 41 31 9 34 45 44 42 24 55 35 62 38 29 63 16 18 47 19 51 59 40 25 5 10 33 20
34 16 44 50 39 32 12 45 33 56 38 5 63 55 31 9 27 11 10 23 60 24 3 59 41 19 43 51 1 53 42 18 2 62 58 4 37 28 13 17 52 61 25 40 20 47 7 22 49 46 21 57 6 30 35 26 64 36 48 29 14 54 8 15
20 30 24 39 46 49 15 12 4 27 3 56 37 64 52 32 16 62 58 35 54 18 38 44 22 2 13 50 63 33 9 36 34 60 40 25 31 53 51 8 42 11 29 7 61 17 28 19 5 23 43 14 41 47 45 21 6 55 59 1 10 57 26 48
59 61 18 5 19 25 9 38 10 23 47 44 2 63 36 33 28 24 45 60 6 50 51 43 14 56 41 48 29 40 55 7 22 35 32 26 15 49 64 1 39 8 57 30 12 20 13 58 16 53 27 37 3 52 4 62 21 42 34 54 31 46 11 17
54 4 43 40 17 62 35 53 18 20 14 13 8 16 48 57 29 61 42 19 36 64 21 32 58 11 49 44 15 25 51 10 52 39 28 27 5 23 45 41 46 24 55 1 47 50 33 26 59 31 6 34 63 38 2 30 12 22 56 9 60 37 3 7
32 48 37 42 14 58 60 56 39 31 43 21 50 28 62 30 4 2 17 41 49 46 12 23 61 59 27 52 45 57 3 16 18 44 38 13 11 7 33 47 6 53 63 34 54 10 22 9 26 20 35 40 15 8 55 1 5 24 19 64 25 29 51 36
1 50 23 36 31 2 27 8 41 55 11 29 5 53 51 26 3 25 39 40 7 37 30 22 43 24 20 62 17 34 64 21 59 46 16 14 6 54 12 42 44 35 18 15 60 49 56 32 58 10 19 9 48 57 28 13 33 63 45 61 52 38 47 4
47 29 55 64 41 57 10 63 46 22 60 12 40 7 15 54 14 13 27 34 56 5 11 1 19 53 31 32 23 38 6 26 17 30 37 24 50 3 61 9 4 52 48 21 45 59 2 16 18 44 42 25 36 33 51 49 43 58 20 39 8 28 35 62
44 3 6 33 22 51 52 34 1 24 59 49 17 45 42 58 9 57 15 47 55 48 10 26 8 5 54 35 18 28 37 12 21 29 43 63 19 4 62 20 64 25 27 38 36 23 41 31 56 50 11 7 61 39 46 60 53 30 16 2 32 40 14 13
45 28 16 11 13 21 26 7 35 9 25 6 19 34 61 38 53 20 63 8 59 31 52 33 42 47 4 46 39 60 1 30 58 36 48 55 56 57 10 2 3 51 14 62 37 5 43 40 29 17 24 54 22 64 12 32 50 41 15 18 44 23 49 27
